FN14,FN19,FB2,FN5,FB7,FN6,FN16,FN15,FN10,FB1,FN7,FN9,FN1,FN13,FN2,FN21,FN11,FN20,FB3,FN12,FB6,FN3,FN22,FN4,FN23
FN14,FB3,FN12,FB7,FN5,FN19,FN16,FN6,FN15,FN10,FN7,FB1,FN9,FN1,FN13,FN2,FN17,FN11,FN20,FB2,FB4,FN8,FB6,FN3,FN22,FN23,FN4
FN14,FN13,FN5,FB7,FN19,FN15,FN6,FN16,FN10,FB1,FN7,FN1,FN9,FN17,FN2,FN21,FN11,FN20,FB3,FB2,FB4,FN12,FB6,FN8,FN3,FN22
FN14,FB6,FB3,FB7,FN5,FN19,FN15,FN6,FN10,FB1,FN7,FN1,FN9,FN13,FN17,FN21,FN2,FN20,FB2,FN12,FB4,FN8,FN3,FN22,FN23,FN4
FN14,FN17,FN21,FN19,FN6,FN15,FN7,FN9,FN1,FN2,FB3,FN20,FB4,FN8,FB6,FN3,FN22,FN23
FN14,FN17,FN22,FB7,FN13,FN1,FN21,FB3
FN14,FN23,FB3,FB7,FN19,FN15,FN6,FB1,FN1,FN17,FN21,FN11,FN20,FB4,FN12,FB2,FN3,FN22
FN14,FN11,FN19,FN5,FB7,FN6,FN15,FN10,FB1,FN7,FN13,FN9,FN1,FN17,FN21,FB3,FN20,FN12,FB2,FB4,FN8,FB6,FN3,FN22,FN23,FN4
FN14,FB7,FN4,FN5,FN19,FN6,FN15,FN16,FN10,FN7,FB1,FN9,FN13,FN1,FN21,FN17,FN2,FN11,FB3,FN20,FB2,FB4,FN12,FN8,FB6,FN3,FN22,FN23
FN14,FN22,FB7,FN15,FN7,FN1,FN2,FN17,FN11,FB3,FN20,FN12,FB6
FN14,FB3,FN6,FB7,FN5,FN19,FN16,FN15,FN10,FN7,FN9,FN13,FN1,FN21,FN2,FN11,FN20,FN12,FB2,FB4,FB6,FN3,FN22,FN4,FN23
FN14,FN4,FN10,FN16,FN6,FN1,FN11,FB4,FB2,FN12,FN3,FN22,FN23
FN14,FB4,FB1,FB7,FN5,FN19,FN6,FN15,FN16,FN10,FN7,FN1,FN9,FN13,FN2,FN17,FN21,FN11,FN20,FB3,FB2,FN12,FB6,FN8,FN3,FN22,FN4,FN23
FN14,FB2,FB6,FB7,FN5,FN19,FN15,FN16,FN6,FN10,FN7,FB1,FN9,FN1,FN13,FN21,FN17,FN11,FN20,FB3,FN12,FB4,FN8,FN3,FN22,FN23
FN14,FN15,FN17,FN19,FN10,FB1,FN7,FN1,FN21,FN11,FB2,FB6,FN22,FN23
FN14,FN16,FN11,FN6,FN10,FB1,FN7,FN1,FN21,FB3,FB2,FN22,FN23,FN4
FN14,FN17,FN9,FN5,FN19,FN15,FN16,FN6,FN10,FN7,FN13,FN1,FN2,FN21,FN11,FN20,FB3,FB2,FN12,FB6,FN3,FN4
FN14,FN17,FN11,FB7,FN5,FN16,FN15,FN10,FN1,FB3,FN20,FB4,FB2,FN8
FN14,FN20,FN17,FB7,FN5,FN19,FN6,FN15,FN16,FN10,FB1,FN7,FN1,FN9,FN21,FN2,FB3,FN12,FB4,FN8,FB6,FN3,FN22,FN23,FN4
FN14,FN12,FB4,FB7,FN5,FN19,FN15,FN6,FN10,FB1,FN7,FN13,FN1,FN9,FN21,FN2,FN17,FN11,FN20,FB3,FB2,FB6,FN8,FN3,FN22,FN23,FN4
FN14,FN7,FN12,FB7,FN5,FN19,FN16,FN10,FN9,FN1,FN13,FN21,FB3,FB4,FB6,FN23
FN14,FN10,FN3,FN6,FN9,FN13,FN1,FB3
FN14,FN11,FN5,FB7,FN19,FN6,FN16,FN10,FB1,FN7,FN13,FN9,FN1,FN2,FN17,FN21,FB3,FN20,FB4,FN12,FB2,FB6,FN8,FN3,FN22,FN23,FN4
FN14,FB1,FN10,FB7,FN5,FN19,FN6,FN16,FN15,FN7,FN1,FN9,FN21,FN2,FN17,FN11,FN20,FB3,FB2,FN12,FB4,FN8,FB6,FN3,FN22,FN4,FN23
FN14,FN21,FN4,FN5,FB7,FN19,FN15,FN7,FN9,FN1,FN17,FB3,FN20,FN12,FB4,FB6,FN22,FN23
FN14,FN23,FN19,FB7,FN5,FN16,FN15,FN6,FN10,FB1,FN7,FN1,FN13,FN9,FN17,FN21,FN2,FN11,FN20,FB3,FN12,FB2,FB4,FN8,FB6,FN3,FN22,FN4
FN14,FN19,FN23,FN5,FB7,FN15,FN6,FN16,FN10,FB1,FN7,FN13,FN9,FN1,FN2,FN21,FN17,FN20,FB3,FB2,FN12,FN8,FN3,FN22
FN14,FN1,FN7,FN5,FB7,FN19,FN15,FN6,FN16,FN10,FB1,FN13,FN9,FN2,FN21,FN17,FN11,FB3,FN20,FN12,FB2,FB4,FN8,FB6,FN3,FN22,FN4,FN23
FN14,FN6,FN7,FB7,FN19,FN1,FN2,FN17,FN21,FB6,FN3
FN14,FN8,FN2,FB7,FN5,FN19,FN6,FN16,FN15,FN10,FN7,FB1,FN9,FN13,FN1,FN21,FN17,FN11,FB3,FN20,FN12,FB2,FB4,FB6,FN3,FN22,FN23,FN4
FN14,FN11,FN6,FB7,FN5,FN19,FN15,FN16,FN10,FN7,FB1,FN9,FN13,FN1,FN2,FN17,FN21,FN20,FB3,FN12,FB4,FB6,FN8,FN3,FN22,FN23,FN4
FN14,FN7,FN13,FN5,FB7,FN19,FN6,FN15,FN16,FN10,FB1,FN1,FN9,FN21,FN2,FN17,FN11,FB3,FN20,FB2,FB4,FN8,FB6,FN3,FN22,FN4,FN23
FN14,FN17,FB7,FN5,FN19,FN16,FN15,FN10,FN13,FN1,FN9,FN2,FN21,FN20,FB4,FB6,FN8,FN3,FN22
FN14,FB3,FN4,FB7,FN19,FN16,FN6,FN15,FN7,FB1,FN9,FN1,FN2,FN17,FN21,FN12,FB4,FB2,FB6,FN8,FN3,FN23
FN14,FN21,FN4,FB7,FN16,FN6,FN15,FN10,FB1,FN13,FN1,FN17,FN11,FB3,FN20,FB4,FN12,FB6,FN23
FN14,FB1,FN16,FN5,FN15,FN6,FN10,FN7,FN1,FN13,FN11,FN20,FN12,FB2,FN22,FN23
FN14,FN2,FN21,FN5,FB7,FN19,FN16,FN6,FN7,FB1,FN13,FN1,FN9,FN12,FB4,FB2,FB6,FN8,FN22,FN4
FN14,FN5,FB1,FB7,FN19,FN16,FN15,FN6,FN10,FN13,FN1,FN9,FN17,FN2,FN21,FN20,FB3,FB4,FB2,FN12,FN8,FB6,FN3,FN22,FN23
FN14,FN13,FN22,FN5,FB7,FN15,FN6,FN16,FN9,FN1,FN2,FB2,FN8,FB6,FN23
FN14,FN12,FB2,FN5,FN19,FB1,FN1,FN2,FN8,FN22
FN14,FN19,FN9,FB7,FN5,FN16,FN6,FN15,FN10,FN7,FB1,FN13,FN1,FN17,FN21,FN2,FN11,FB3,FN20,FB4,FB2,FN12,FB6,FN8,FN3,FN22,FN23
FN14,FN22,FB6,FN19,FN15,FN13,FN1,FN12,FB4,FN23
FN14,FN16,FN1,FB7,FN15,FN2,FN21,FN11,FB3,FN20,FN8,FN3,FN4
FN14,FN8,FN5,FN19,FN15,FN16,FN10,FB1,FN9,FN1,FN13,FN17,FN2,FN11,FN20,FB4,FB2,FB6,FN3,FN22,FN4,FN23
FN14,FN22,FN6,FN15,FN16,FN10,FB1,FN7,FN1,FN9,FN17,FN2,FN21,FN11,FB3,FN20,FB2,FN12,FN8,FB6,FN3,FN23,FN4
FN14,FN10,FN11,FB7,FN5,FN19,FN16,FN6,FN15,FB1,FN7,FN1,FN9,FN13,FN17,FN21,FN2,FN20,FB4,FN12,FB2,FN8,FB6,FN3,FN22,FN23,FN4
FN14,FN15,FN17,FB7,FN19,FN16,FN6,FN10,FB1,FN9,FN13,FN1,FN2,FN21,FN11,FB3,FB2,FN8,FN3,FN22,FN4,FN23
FN14,FN4,FN10,FN5,FB7,FN19,FN16,FN6,FN15,FB1,FN7,FN1,FN13,FN11,FN20,FN12,FB4,FN8,FN3,FN23
FN14,FN12,FB3,FB7,FN5,FN15,FN16,FN6,FB1,FN7,FN13,FN1,FN9,FN17,FN2,FN11,FN20,FB4,FB6,FN3,FN22,FN4,FN23
FN14,FN3,FN20,FN19,FN6,FN15,FB1,FN1,FN2,FN11,FN12,FB6,FN8,FN22,FN23
FN14,FN22,FN8,FB7,FN19,FN6,FN15,FN16,FN10,FB1,FN7,FN1,FN9,FN13,FN2,FN17,FN11,FB3,FB4,FN12,FB6,FN4,FN23
FN14,FB1,FN1,FN5,FN16,FN6,FN15,FN10,FN7,FN13,FN9,FN21,FN17,FN2,FN11,FB3,FN12,FN8,FB6,FN22,FN4,FN23
FN14,FB3,FN1,FN5,FN19,FB1,FN9,FN21,FN17,FN11,FB2,FN12,FB6,FN8,FN4
FN14,FN16,FB7,FN5,FN15,FN10,FB1,FN1,FN13,FN9,FN2,FN17,FN11,FB3,FB4,FB6,FN8,FN3,FN4,FN23
FN14,FB3,FB2,FN19,FN6,FN16,FN10,FB1,FN1,FN13,FN2,FN21,FB4,FN8,FN23
FN14,FN19,FN16,FB7,FN5,FN15,FN6,FN10,FN7,FB1,FN1,FN9,FN13,FN21,FN2,FN17,FN11,FB3,FN12,FB2,FB4,FN8,FB6,FN3,FN22,FN4,FN23
FN14,FN1,FN22,FN10,FN7,FB1,FN11,FN12,FB2,FB6,FN4
FN14,FN17,FN21,FN5,FB7,FN19,FN15,FN6,FN10,FB1,FN7,FN13,FN1,FN9,FN2,FN11,FB3,FB4,FN12,FB2,FB6,FN8,FN3,FN23
FN14,FB1,FN9,FN19,FN15,FN10,FN7,FN1,FN17,FN21,FN2,FN11,FN20,FB2,FB4,FB6,FN22,FN23,FN4
FN14,FB3,FB4,FB7,FN19,FN15,FN6,FN16,FN10,FN7,FN9,FN13,FN1,FN2,FN21,FN20,FB2,FN12,FN8,FB6,FN3,FN22,FN4,FN23
FN14,FN9,FN19,FN6,FN15,FN16,FN10,FN1,FN13,FN2,FN17,FN21,FN11,FN20,FB2,FN8,FB6,FN22,FN23
FN14,FN22,FN23,FB7,FN5,FN19,FN6,FN16,FN15,FN10,FN7,FN1,FN9,FN13,FN17,FN2,FN21,FN12,FB2,FN8,FB6,FN4
FN14,FN8,FN1,FB7,FN7,FB1,FN13,FN9,FN21,FB3,FN12,FB2,FN3,FN22,FN23
FN14,FN1,FB7,FN19,FN16,FN15,FN7,FN9,FN13,FN17,FN2,FB3,FN12,FB2,FB6,FN3
FN14,FN23,FN13,FN5,FB7,FN19,FN6,FN15,FN7,FB1,FN9,FN1,FN2,FN21,FN17,FN11,FN20,FB2,FN8,FN22,FN4
FN14,FB2,FN21,FN19,FN16,FN15,FN6,FN10,FB1,FN7,FN13,FN1,FN9,FN17,FN2,FN11,FN20,FB3,FN12,FB6,FN3,FN22,FN4,FN23
FN14,FB6,FN8,FN5,FB7,FN19,FN6,FN16,FN15,FN10,FN13,FN1,FN9,FN2,FN17,FN11,FB4,FN12,FB2,FN3,FN4,FN23
FN14,FB7,FN10,FN5,FN19,FN15,FN16,FN6,FN7,FB1,FN1,FN9,FN13,FN21,FN17,FN11,FN20,FB3,FB4,FB2,FN8,FB6,FN3,FN23,FN4
FN14,FN21,FB7,FN5,FN19,FN6,FN16,FN10,FB1,FN7,FN9,FN13,FN1,FN2,FN17,FN11,FN20,FB4,FN12,FB6,FN8,FN3,FN22,FN4,FN23
FN14,FN3,FB4,FB7,FN19,FN6,FN16,FN15,FN10,FB1,FN7,FN9,FN1,FN2,FN21,FN17,FN11,FN20,FB3,FN12,FB2,FN8,FB6,FN4,FN23
FN14,FB7,FB3,FN5,FN19,FN6,FN16,FN7,FB1,FN13,FN9,FN1,FN21,FN2,FN17,FN20,FB2,FN22,FN23,FN4
FN14,FB3,FN21,FB7,FN19,FN6,FN15,FN16,FN7,FB1,FN1,FN9,FN13,FN2,FN17,FN11,FN20,FB2,FN12,FN8,FN3,FN23,FN4
FN14,FB3,FN7,FN5,FB7,FN15,FN6,FN16,FB1,FN9,FN13,FN1,FN2,FN11,FN20,FN12,FB2,FB4,FN8,FB6,FN3,FN22,FN23,FN4
FN14,FB3,FN2,FB7,FN5,FN19,FN16,FN15,FN6,FN10,FN7,FB1,FN1,FN9,FN13,FN21,FN20,FB4,FB2,FN12,FB6,FN8,FN3,FN22,FN23
FN14,FN10,FB1,FN5,FN19,FN15,FN16,FN6,FN7,FN1,FN9,FN13,FN17,FN21,FN2,FN20,FB3,FB4,FB2,FN12,FB6,FN8,FN3,FN22,FN23,FN4
FN14,FN12,FN16,FN5,FB7,FN19,FN15,FN6,FN7,FB1,FN13,FN1,FN9,FN11,FB3,FN20,FB4,FB6,FN3,FN22,FN4
FN14,FN8,FN9,FN5,FB7,FN19,FN6,FN10,FB1,FN1,FN2,FN21,FN17,FN11,FB3,FN20,FB2,FN12,FB6,FN3,FN22,FN4,FN23
FN14,FN21,FN10,FB7,FN5,FN19,FN16,FN15,FN6,FB1,FN7,FN13,FN1,FN9,FN2,FN17,FN11,FN20,FB3,FB2,FB4,FN12,FB6,FN8,FN22,FN23,FN4
FN14,FN11,FN20,FB7,FN19,FN15,FN6,FN10,FN7,FN1,FN9,FN13,FN21,FN17,FN12,FB4,FB6,FN8,FN3,FN22,FN23
FN14,FN2,FN16,FB7,FN19,FN15,FN6,FB1,FN1,FN9,FN17,FN21,FN11,FN20,FN12,FN4
FN14,FB6,FN21,FB7,FN15,FN1,FN9,FN13,FN17,FB4,FN8,FN22,FN4
FN14,FN7,FN4,FB7,FN19,FN6,FN16,FN15,FN10,FB1,FN9,FN1,FN2,FN17,FN21,FN11,FN20,FB3,FB2,FN12,FB4,FN8,FB6,FN3,FN22,FN23
FN14,FN11,FB7,FN5,FN19,FN6,FN15,FN16,FN10,FN7,FB1,FN13,FN1,FN21,FN2,FB3,FB2,FB4,FN12,FN8,FB6,FN3,FN4
FN14,FN16,FN6,FN5,FB7,FN19,FN15,FN7,FN1,FN13,FN21,FN2,FN17,FN11,FN20,FB3,FN12,FB2,FB6,FN23,FN4
FN14,FB4,FN12,FB7,FN5,FN19,FN6,FN16,FN15,FN10,FN7,FB1,FN13,FN9,FN1,FN21,FN17,FN2,FN11,FN20,FB3,FB2,FN8,FB6,FN3,FN23,FN4
FN14,FN5,FN6,FB7,FN19,FN15,FN9,FN1,FN17,FN2,FB2,FB6,FN3,FN23
FN14,FN6,FN20,FB7,FN5,FN19,FN15,FN16,FN10,FB1,FN7,FN9,FN1,FN13,FN17,FN2,FN21,FN11,FB3,FB4,FN12,FB2,FN8,FB6,FN3,FN22,FN4,FN23
FN14,FB3,FB6,FN5,FB7,FN19,FN16,FN6,FN15,FB1,FN7,FN1,FN13,FN9,FN2,FN21,FN17,FN11,FN20,FN12,FB4,FB2,FN8,FN3,FN22,FN23,FN4
FN14,FN15,FN10,FB7,FN5,FN19,FN16,FN6,FB1,FN1,FN17,FN2,FN21,FN20,FB3,FN12,FB2,FB4,FB6,FN8,FN3,FN22,FN23
FN14,FB4,FB2,FN5,FN19,FN15,FN16,FN10,FN7,FB1,FN1,FN13,FN17,FN21,FN2,FN11,FN20,FN12,FB6,FN8,FN3,FN22,FN4,FN23
FN14,FN5,FB3,FN19,FN16,FN15,FN10,FB1,FN7,FN1,FN9,FN21,FN2,FN11,FN20,FB4,FN12,FN8,FB6,FN3,FN22,FN23
FN14,FN17,FN15,FN5,FB7,FN19,FN6,FN10,FB1,FN1,FN9,FN21,FN20,FB3,FB4,FB2,FN12,FB6,FN3,FN22,FN23,FN4
FN14,FB1,FN16,FN5,FN6,FN10,FN7,FN9,FN1,FN13,FN17,FN2,FN21,FN11,FN20,FB3,FN12,FB4,FN8,FB6,FN3,FN4
FN14,FB6,FB4,FN5,FB7,FN15,FN10,FN7,FB1,FN9,FN1,FN13,FN2,FN21,FB3,FN8,FN22,FN4
FN14,FN17,FN8,FN5,FN15,FN16,FN10,FB1,FN1,FN9,FN2,FB4,FB2,FN3
FN14,FN21,FN16,FN5,FB7,FN19,FN10,FN7,FB1,FN13,FN9,FN1,FN17,FN2,FN11,FB3,FN20,FN12,FB2,FB4,FN8,FB6,FN3,FN22,FN23,FN4
FN14,FN3,FB3,FN5,FB7,FN19,FN6,FN15,FN16,FN10,FN7,FN13,FN1,FN17,FN2,FN21,FN11,FN20,FN12,FB2,FN8,FB6,FN22,FN4
FN14,FB4,FN16,FN5,FB7,FN19,FN6,FN15,FN10,FB1,FN7,FN1,FN13,FN9,FN17,FN2,FN21,FN11,FN20,FB3,FN12,FB2,FB6,FN3,FN22,FN4,FN23
FN14,FN11,FN2,FB7,FN5,FN16,FN15,FB1,FN7,FN1,FN9,FN17,FN21,FN20,FB3,FN12,FB2,FN8,FB6,FN3,FN22,FN23,FN4
FN14,FN22,FN3,FB7,FN5,FN19,FN15,FN6,FN16,FN10,FB1,FN7,FN13,FN1,FN9,FN21,FN2,FN17,FN11,FB3,FN20,FN12,FB2,FB4,FN8,FB6,FN4,FN23
FN14,FB3,FN23,FB7,FN5,FN19,FN6,FN16,FN15,FN10,FN7,FB1,FN9,FN13,FN1,FN17,FN2,FN21,FN11,FN20,FN12,FB6,FN8,FN3,FN22,FN4
FN14,FN1,FN6,FN5,FN19,FN16,FN15,FN2,FN21,FN11,FB3,FB2,FB6,FN3,FN22,FN4,FN23
FN14,FN23,FN21,FN16,FN9,FN1,FN20,FB3,FN12,FB4,FB6,FN3,FN4
FN14,FN15,FB3,FN5,FB7,FN19,FN16,FN7,FB1,FN9,FN13,FN1,FN21,FN2,FN11,FN20,FN12,FB4,FN8,FN3,FN22,FN4,FN23
FN14,FN17,FB1,FN5,FB7,FN19,FN6,FN15,FN10,FN7,FN1,FN13,FN2,FN21,FN11,FN20,FN12,FB2,FN8,FB6,FN3,FN4,FN23
FN14,FN1,FB3,FN5,FB7,FN19,FN16,FN15,FN6,FN10,FB1,FN7,FN13,FN9,FN17,FN21,FN11,FN20,FN12,FB4,FB2,FN8,FB6,FN3,FN4
FN14,FN5,FN23,FB7,FN19,FN16,FN15,FN6,FN10,FN7,FB1,FN1,FN13,FN9,FN17,FN21,FN2,FN11,FN20,FB3,FB4,FN12,FB2,FB6,FN8,FN3,FN22,FN4
FN14,FN5,FB4,FB1,FN1,FN13,FN21,FB2
FN14,FN15,FB4,FN5,FB7,FN19,FN10,FB1,FN1,FN13,FN9,FN2,FN21,FN11,FB3,FN20,FB2,FN12,FN8,FB6,FN3,FN22,FN23
FN14,FN15,FN9,FN16,FN10,FB1,FN7,FN1,FB2,FN12,FB4,FN23
FN14,FN10,FN23,FB7,FN5,FN19,FN15,FN16,FN6,FB1,FN7,FN13,FN9,FN1,FN21,FN17,FN11,FB3,FN20,FB2,FN12,FB4,FB6,FN8,FN3,FN22,FN4
FN14,FB4,FB6,FB7,FN5,FN19,FN6,FN16,FN15,FN10,FB1,FN7,FN13,FN9,FN1,FN21,FN17,FN2,FN11,FB3,FN20,FN12,FB2,FN8,FN3,FN22,FN23,FN4
FN14,FB2,FN9,FN5,FB7,FN19,FN6,FN15,FN16,FN1,FN13,FN2,FN11,FB3,FN20,FB4,FN22,FN23
FN14,FN19,FN16,FN10,FN1,FB3,FN12,FN3
FN14,FB7,FN21,FN19,FN16,FN10,FB1,FN1,FN13,FN9,FN17,FN11,FN20,FB3,FB2,FB4,FN8,FB6,FN3,FN22,FN23,FN4
FN14,FN3,FB6,FB7,FN5,FN19,FN16,FN15,FN6,FN10,FN7,FB1,FN1,FN9,FN13,FN21,FN17,FN11,FN20,FB4,FN8
FN14,FN20,FN5,FB7,FN1,FN2,FN21,FN12,FB2,FN3
FN14,FN15,FB2,FN5,FN19,FN6,FN7,FN1,FN13,FN2,FN17,FN21,FN11,FN20,FN12,FB4,FN8,FB6,FN3,FN22,FN4
FN14,FN19,FN2,FB7,FN6,FN15,FN16,FN10,FN7,FB1,FN13,FN9,FN1,FN17,FN21,FN11,FN20,FB2,FB4,FN12,FN8,FB6,FN22,FN4,FN23
FN14,FN2,FN10,FN5,FB7,FN16,FN6,FN15,FN1,FN21,FN17,FN11,FN20,FB3,FN12,FB4,FB2,FB6,FN8,FN3,FN4
FN14,FB3,FN17,FB7,FN19,FN6,FN10,FB1,FN1,FN2,FN11,FN12,FN8,FN3,FN23
FN14,FN3,FN6,FN5,FB7,FN19,FN15,FN16,FN10,FN7,FB1,FN13,FN9,FN1,FN21,FN2,FN17,FN20,FB4,FN12,FB2,FB6,FN8,FN4,FN23
FN14,FN19,FN20,FB7,FN16,FN15,FN6,FB1,FN7,FN13,FN1,FN2,FN11,FB3,FB4,FB6,FN8,FN3,FN22,FN23,FN4
FN14,FN21,FB1,FN5,FB7,FN19,FN16,FN15,FN6,FN10,FN7,FN13,FN1,FN17,FN11,FB3,FN20,FN12,FB4,FB2,FB6,FN3,FN23
FN14,FB6,FN16,FN5,FB7,FN15,FN6,FB1,FN9,FN1,FN21,FN2,FN20,FB3,FB2,FB4,FN3,FN22,FN4,FN23
FN14,FN10,FB7,FN6,FN15,FN7,FN1,FN13,FN17,FN20,FB4,FB6,FN3,FN22
FN14,FN1,FN6,FB7,FN5,FN19,FN16,FN15,FN10,FB1,FN7,FN13,FN9,FN17,FN2,FN21,FN11,FB3,FN20,FB4,FN12,FB6,FN8,FN3,FN22,FN23,FN4
FN14,FB2,FN15,FN19,FN6,FN16,FB1,FN1,FN20,FN12,FB6,FN8,FN3,FN22,FN23
FN14,FN1,FN10,FB7,FN19,FN13,FB3,FB6,FN3,FN22
FN14,FN23,FB7,FN5,FN19,FN15,FN16,FN6,FN10,FN7,FB1,FN13,FN1,FN9,FN21,FN2,FN17,FB4,FN12,FN8,FB6,FN3
FN14,FN9,FN17,FN5,FB7,FN19,FN6,FN16,FN15,FN10,FN7,FB1,FN1,FN13,FN21,FN2,FN11,FN20,FB3,FB2,FB4,FN12,FB6,FN8,FN3,FN22,FN23,FN4
FN14,FN22,FN16,FN5,FN19,FN7,FB1,FN9,FN1,FN13,FN2,FN17,FN21,FN11,FB3,FN20,FN12,FB2,FN8,FN3,FN4,FN23
FN14,FN1,FB7,FN19,FN15,FN16,FN10,FN7,FB1,FN13,FN9,FN2,FN21,FN20,FB4,FB2,FB6,FN3,FN22,FN23
FN14,FN8,FB3,FN5,FB7,FN19,FN6,FN16,FN15,FN10,FN7,FB1,FN1,FN13,FN9,FN2,FN17,FN21,FN11,FN20,FB2,FN12,FB4,FB6,FN3,FN22,FN23,FN4
FN14,FN21,FN5,FN10,FN1,FN11,FB3,FN12,FN22,FN23,FN4
FN14,FN15,FN4,FB7,FN6,FN16,FN10,FB1,FN7,FN13,FN1,FN20,FB4,FB6,FN3
FN14,FB4,FN22,FB7,FN5,FN19,FN6,FN16,FN15,FN10,FB1,FN7,FN1,FN13,FN2,FB2,FN12,FN8,FB6,FN4,FN23
FN14,FN22,FN17,FN5,FB7,FN19,FN15,FN16,FN10,FN7,FN1,FN9,FN2,FN21,FN11,FN20,FN12,FB4,FB2,FN8,FN3,FN23,FN4
FN14,FN4,FN8,FN5,FB7,FN15,FN6,FN10,FN7,FB1,FN13,FN1,FN21,FN2,FN11,FB3,FB2,FB4,FB6,FN3,FN23
FN14,FN8,FN10,FB7,FN19,FN16,FB1,FN7,FN13,FN1,FN2,FN17,FN21,FN20,FB3,FB2,FN12,FB6,FN3,FN22,FN4
FN14,FN12,FN20,FN19,FB1,FN9,FN1,FN13,FN21,FB4,FB6,FN22,FN23,FN4
FN14,FN20,FN4,FB7,FN5,FN15,FN6,FN16,FN10,FN7,FN9,FN1,FN21,FN2,FN11,FB3,FB2,FN8,FN3,FN22,FN23
FN14,FB2,FN4,FN19,FN10,FB1,FN7,FN1,FN17,FN21,FN2,FN11,FB4,FN8,FN3
FN14,FB4,FN8,FB7,FN5,FN19,FN10,FB1,FN7,FN9,FN13,FN1,FN21,FN2,FN11,FN20,FB3,FN12,FB2,FN3,FN22,FN23
FN14,FN19,FN4,FN5,FN10,FB1,FN13,FN1,FN21,FN2,FN17,FN11,FB4,FN12,FB6,FN22,FN23
FN14,FN20,FN13,FN19,FN16,FN15,FN10,FN7,FN9,FN1,FN2,FN21,FN11,FB3,FB4,FN12,FB2,FB6,FN3,FN23
FN14,FN5,FN13,FB7,FN19,FN16,FN6,FN15,FN10,FB1,FN9,FN1,FN17,FN21,FN2,FN11,FN20,FB3,FB4,FN12,FN3,FN22,FN4
FN14,FB4,FN11,FB7,FN15,FN7,FB1,FN9,FN1,FN13,FB3,FB2,FN12,FB6,FN3,FN22,FN23
FN14,FB1,FN15,FN5,FN19,FN6,FN10,FN7,FN1,FN2,FN17,FN21,FN11,FB3,FN12,FB6,FN3,FN22,FN23,FN4
FN14,FN15,FN1,FN5,FN19,FN16,FN6,FN10,FN9,FN17,FN2,FN11,FN20,FB3,FB4,FB2,FB6,FN8,FN3,FN22,FN23,FN4
FN14,FN22,FN1,FN5,FB7,FN6,FN10,FN7,FB1,FN13,FN9,FN21,FN2,FB2,FN12,FN8,FB6
FN14,FN23,FB1,FN16,FN15,FN7,FN1,FN13,FN21,FN2,FN11,FN20,FB2,FN12,FB4,FN8,FB6,FN3,FN22,FN4
FN14,FN11,FB3,FN5,FB7,FN19,FN16,FN6,FN10,FB1,FN7,FN9,FN1,FN13,FN17,FN2,FN21,FN20,FB2,FN8,FB6,FN3,FN22,FN4,FN23
FN14,FB7,FN1,FN5,FN15,FN6,FN10,FN2,FN21,FN3,FN22
FN14,FB3,FN23,FN5,FB7,FN19,FN15,FN6,FN16,FN10,FN7,FB1,FN1,FN9,FN13,FN2,FN21,FN17,FN20,FN12,FB2,FB4,FB6,FN8,FN3,FN22,FN4
FN14,FN17,FN1,FN5,FB7,FN16,FN7,FN13,FN9,FN11,FN20,FB4,FB6,FN3,FN22
FN14,FB2,FB6,FN5,FB7,FN19,FN16,FN15,FN6,FN10,FN7,FB1,FN9,FN13,FN1,FN17,FN2,FN21,FN11,FN20,FB3,FB4,FN12,FN8,FN3,FN22,FN23,FN4
FN14,FN1,FN13,FB7,FN19,FN15,FN6,FN16,FN10,FN7,FB1,FN9,FN2,FN21,FB3,FN20,FN12,FN8,FN22
FN14,FN19,FN1,FB7,FN15,FN6,FN7,FB1,FN2,FN20,FB2,FN12,FN22,FN4,FN23
FN14,FB4,FN20,FN19,FN6,FN15,FN16,FN10,FB1,FN1,FN13,FN17,FN21,FN2,FN11,FB3,FB2,FN12,FN8,FN22,FN23,FN4
FN14,FN19,FB3,FN5,FB7,FN16,FN15,FB1,FN7,FN13,FN1,FN9,FN21,FN2,FN11,FB2,FB4,FN12,FN8,FB6,FN3,FN22,FN4,FN23
FN14,FN4,FN10,FB7,FN5,FN19,FN16,FN6,FN15,FB1,FN7,FN13,FN9,FN1,FN17,FN21,FN2,FN11,FN20,FB3,FB4,FN12,FB2,FB6,FN8,FN3,FN22,FN23
FN14,FN4,FB7,FN6,FN10,FN1,FN12,FB6,FN8,FN22,FN23
FN14,FN12,FN17,FB7,FN5,FN19,FN16,FN6,FN15,FN10,FN7,FB1,FN9,FN1,FN13,FN21,FN2,FN11,FB3,FN20,FB4,FB2,FN8,FB6,FN3,FN22,FN23,FN4
FN14,FN10,FN5,FB7,FB1,FN1,FN21,FN17,FN12,FB2,FN4,FN23
FN14,FN17,FN22,FN5,FB7,FN19,FN6,FN15,FN16,FN10,FN9,FN13,FN1,FN2,FN21,FN11,FB3,FB4,FB2,FN8,FB6,FN3,FN4,FN23
FN14,FN4,FN7,FB7,FN5,FN19,FN16,FN15,FN6,FN10,FN9,FN13,FN1,FN2,FN17,FN11,FB3,FN20,FB2,FN12,FB4,FN8,FN3,FN22,FN23
FN14,FN23,FB4,FN5,FN19,FN10,FN9,FN1,FN21,FN2,FN11,FB3,FN20,FB2,FN12,FB6,FN22,FN4
FN14,FN6,FN1,FN5,FN19,FN15,FN16,FN7,FN9,FN17,FN2,FN12,FB2,FN8,FB6,FN3,FN22
FN14,FN6,FN23,FB7,FN19,FB1,FN7,FN13,FN1,FN9,FN21,FN11,FB3,FB4,FN22,FN4
FN14,FN23,FN8,FB7,FN5,FN19,FN15,FN6,FN10,FB1,FN7,FN1,FN13,FN21,FN17,FB3,FN12,FB2,FB4,FB6,FN3,FN4
FN14,FN3,FN21,FN5,FN19,FN15,FN16,FN6,FN10,FB1,FN13,FN1,FN9,FN2,FN17,FB3,FB2,FN12,FB6,FN8,FN22,FN4,FN23
FN14,FN20,FB7,FN5,FN19,FN16,FN6,FN10,FN7,FN1,FN13,FN9,FN17,FN11,FB3,FN12,FB2,FB4,FB6,FN3,FN22,FN23,FN4
FN14,FN2,FN8,FB7,FN19,FN16,FN6,FN10,FB1,FN1,FN13,FN21,FN17,FN11,FB4,FB2,FB6,FN3,FN22,FN23,FN4
FN14,FN16,FN21,FB7,FN5,FN19,FN15,FN6,FN10,FN7,FB1,FN1,FN9,FN13,FN2,FN17,FN11,FB3,FN20,FB4,FB2,FN12,FN8,FB6,FN3,FN22,FN4,FN23
FN14,FB2,FN2,FN5,FB7,FN19,FN16,FN6,FN10,FN7,FB1,FN1,FN9,FN13,FN17,FN21,FN11,FB3,FN20,FB4,FN8,FB6,FN3,FN22,FN23
FN14,FN11,FN13,FB7,FN5,FN16,FN10,FB1,FN7,FN9,FN1,FN21,FN2,FN17,FN20,FB3,FB2,FB4,FN12,FB6,FN8,FN3,FN23
FN14,FN13,FB3,FB7,FN5,FN19,FN6,FN10,FN9,FN1,FN2,FN11,FN20,FB4,FB2,FB6,FN8,FN23,FN4
FN14,FN17,FN23,FN16,FN10,FN9,FN1,FN4
FN14,FN5,FB1,FN19,FN10,FN13,FN1,FN9,FN17,FN2,FB2,FB4,FB6,FN4
FN14,FN1,FN20,FN19,FN6,FN15,FN13,FN2,FB4,FB2,FB6,FN3,FN23
FN14,FN4,FB1,FB7,FN5,FN19,FN6,FN16,FN15,FN10,FN7,FN1,FN9,FN17,FN11,FN20,FB3,FB2
FN14,FN7,FN13,FN5,FB7,FN19,FN15,FN16,FN6,FB1,FN9,FN1,FN21,FN11,FN20,FB3,FB2,FN12,FB4,FB6,FN8,FN3,FN22,FN4,FN23
FN14,FB4,FN8,FB7,FN6,FN10,FN7,FB1,FN13,FN1,FN9,FN2,FN11,FN20,FB3,FN12,FB2,FN3,FN22,FN23
FN14,FB3,FN23,FB7,FN19,FN16,FN6,FN10,FB1,FN13,FN9,FN1,FN21,FN17,FN20,FN12,FB2,FB4,FB6
FN14,FN1,FN9,FN5,FB7,FN19,FN6,FN15,FN16,FN10,FN7,FN13,FN17,FN21,FN2,FN20,FB4,FN12,FB2,FN8,FN3,FN22,FN4,FN23
FN14,FB1,FN8,FN19,FN16,FN10,FN1,FN13,FN9,FN2,FN11,FN12,FB4,FB6,FN22,FN23
FN14,FN16,FN20,FB7,FN5,FN19,FN15,FN6,FN10,FB1,FN7,FN1,FN17,FN2,FN21,FN11,FB3,FN12,FB4,FB6,FN8,FN22,FN4,FN23
FN14,FN22,FN3,FN5,FN19,FN16,FN6,FN10,FB1,FN1,FN17,FB3,FN23,FN4
FN14,FN17,FN9,FB7,FN5,FN15,FN6,FN10,FN7,FB1,FN13,FN1,FN21,FN2,FN11,FB3,FN20,FN12,FB4,FN8,FB6,FN3,FN23,FN4
FN14,FN2,FN1,FN5,FN15,FN10,FN7,FN13,FN9,FN17,FN21,FN11,FN20,FB3,FB2,FN3,FN22,FN4,FN23
FN14,FN9,FN10,FN5,FB7,FN15,FB1,FN7,FN1,FN17,FN21,FN20,FB3,FB4,FN3,FN4
FN14,FN11,FB6,FN19,FN6,FN16,FN10,FB1,FN13,FN1,FN2,FB3,FN20,FN12,FN3,FN22,FN23
FN14,FN23,FN7,FN5,FN19,FN6,FN10,FB1,FN13,FN1,FN2,FN11,FB3,FN20,FB4,FB2,FN4
FN14,FN15,FN3,FB7,FN19,FN10,FB1,FN9,FN1,FN21,FN11,FB2,FB4,FN22,FN4
FN14,FN10,FN4,FB7,FN5,FN19,FN15,FN6,FN16,FB1,FN7,FN9,FN13,FN1,FN2,FN21,FN17,FN11,FB3,FN20,FB4,FN12,FB2,FB6,FN8,FN3,FN22,FN23
FN14,FN4,FN7,FB7,FN19,FN13,FN1,FN17,FN2,FN21,FN11,FB3,FN20
FN14,FB4,FN10,FB7,FN16,FN6,FN7,FN1,FN13,FN9,FN2,FN21,FN11,FB3,FB6,FN8,FN3
FN14,FN1,FN9,FN5,FB7,FN6,FN16,FN10,FB1,FN13,FN17,FN11,FN20,FN12,FB2,FB4,FB6,FN8,FN3,FN22,FN4
FN14,FN11,FB3,FB7,FN5,FN19,FN15,FN6,FN16,FN10,FN7,FN1,FN13,FN9,FN2,FN21,FN20,FN3,FN23
FN14,FN3,FN11,FN5,FB7,FN19,FN16,FN6,FN10,FN7,FB1,FN1,FN13,FN9,FN17,FN2,FN21,FN20,FB3,FB4,FN12,FB2,FB6,FN22,FN4,FN23
FN14,FN1,FB2,FN19,FN15,FN6,FN16,FN9,FN21,FN11,FN22,FN4
FN14,FN16,FB1,FN5,FB7,FN19,FN6,FN15,FN10,FN7,FN13,FN9,FN1,FN17,FN2,FN21,FN11,FB3,FN12,FB2,FB4,FN8,FB6,FN3,FN22,FN23
FN14,FN20,FN5,FN19,FN16,FB1,FN1,FN13,FN2,FB4,FN3,FN22
FN14,FB2,FB3,FB7,FN5,FN19,FN6,FN16,FN15,FN10,FB1,FN7,FN9,FN1,FN13,FN21,FN17,FN2,FN11,FN20,FB4,FN12,FB6,FN8,FN3,FN22,FN4
FN14,FN19,FB2,FN16,FN9,FN1,FN2,FN17,FN11,FB4,FN22
FN14,FN12,FN6,FB1,FN13,FN1,FN2,FB2,FB4,FB6,FN4
FN14,FN4,FB6,FN5,FB7,FN19,FN16,FN15,FN6,FN10,FN7,FB1,FN1,FN9,FN13,FN17,FN2,FN11,FN20,FB3,FN12,FB4,FB2,FN8,FN22,FN23
FN14,FN9,FN15,FB7,FN19,FN6,FN16,FB1,FN1,FN13,FN21,FN17,FN11,FB3,FB2,FB4,FB6,FN8,FN3,FN22,FN4,FN23
FN14,FN13,FB6,FN5,FB7,FN19,FN6,FN15,FN10,FN7,FB1,FN1,FN9,FN17,FN21,FN2,FN11,FB3,FN20,FB4,FB2,FN3,FN22,FN23,FN4
FN14,FN1,FB4,FN5,FN19,FN16,FN6,FB1,FN7,FN9,FN13,FN17,FN21,FN2,FN11,FN20,FB3,FN12,FB2,FN8,FB6,FN3,FN23
FN14,FN10,FN15,FB7,FN5,FN6,FN16,FB1,FN13,FN1,FN17,FN2,FN11,FN20,FB3,FN12,FB6,FN8,FN3,FN22,FN4
FN14,FN23,FN16,FB7,FN19,FN15,FN10,FN1,FN21,FN17,FN2,FB3,FN20,FN12,FB4,FB2,FB6,FN3,FN4
FN14,FN13,FB1,FB7,FN5,FN19,FN16,FN6,FN15,FN10,FN7,FN1,FN9,FN2,FN17,FN21,FN11,FN20,FB2,FN12,FB6,FN8,FN3,FN22,FN4,FN23
FN14,FN16,FN17,FB7,FN5,FN6,FN15,FN10,FN7,FB1,FN1,FN11,FB3,FN12,FB6,FN8,FN22,FN23,FN4
FN14,FN16,FN10,FN5,FB7,FN6,FN15,FB1,FN7,FN1,FN9,FN13,FN17,FN21,FN2,FN11,FB3,FN20,FB2,FN12,FB4,FB6,FN8,FN3,FN22,FN4,FN23
FN14,FN21,FN13,FB7,FN5,FN19,FN16,FN6,FN10,FB1,FN7,FN1,FN2,FN17,FN20,FB3,FB4,FB2,FN12,FB6,FN8,FN3,FN22,FN23
FN14,FN6,FN17,FB7,FN5,FN19,FB1,FN1,FN9,FN21,FN20,FN12,FB2,FB4,FN8,FN4
FN14,FN20,FN2,FB7,FN16,FN1,FN13,FN21,FN17,FB3,FB2,FB6,FN8,FN3,FN4
FN14,FN1,FB7,FN7,FN9,FN2,FN21,FN17,FN11,FB3,FB4,FN12,FN8,FN3,FN23
FN14,FN5,FN8,FN19,FN6,FN16,FN10,FB1,FN13,FN1,FN21,FN17,FN2,FB3,FN20,FB4,FN12,FB2,FN3,FN23,FN4
FN14,FB4,FN5,FN19,FN6,FN1,FN11,FN12,FN22,FN23
FN14,FN20,FN2,FB7,FN5,FN19,FN6,FB1,FN13,FN1,FN9,FN21,FN11,FB2,FN12,FN22,FN4
FN14,FN11,FN3,FB7,FN5,FN19,FN15,FN6,FN10,FB1,FN9,FN13,FN1,FN17,FN2,FN21,FN12,FB4,FB2,FB6,FN8,FN23
FN14,FN21,FN12,FB7,FN16,FN10,FB1,FN7,FN13,FN1,FB3,FB6,FN23
FN14,FN21,FB1,FN19,FN15,FN10,FN1,FN9,FN17,FB2,FN12,FB4
FN14,FN1,FN20,FB7,FN5,FN19,FN16,FN15,FN6,FN10,FN7,FB1,FN13,FN9,FN21,FN11,FB3,FB2,FB4,FB6,FN8,FN3,FN22,FN4,FN23
FN14,FN9,FN4,FN5,FN19,FN6,FN16,FN10,FN7,FB1,FN1,FN17,FN21,FN11,FB3,FB6
FN14,FB3,FN19,FB7,FN6,FN15,FN16,FN10,FN7,FB1,FN13,FN1,FN21,FN17,FN11,FN20,FN12,FB4,FB2,FN8,FB6,FN3,FN22,FN23
FN14,FB6,FN16,FB7,FN5,FN19,FN15,FN6,FN10,FN7,FB1,FN9,FN13,FN1,FN21,FN2,FN17,FN11,FB3,FN20,FN12,FB4,FN8,FN3,FN22,FN23,FN4
FN14,FN5,FN17,FB7,FN19,FN6,FN16,FN10,FB1,FN7,FN1,FN9,FN21,FN2,FN11,FB3,FN20,FB2,FN12,FB4,FB6,FN3,FN4,FN23
FN14,FB6,FB7,FN5,FN19,FN16,FN15,FN6,FN10,FN7,FB1,FN1,FN9,FN13,FN21,FN17,FN2,FN11,FB3,FB4,FB2,FN12,FN8,FN3,FN22,FN23,FN4
FN14,FN3,FN6,FN5,FB7,FN19,FN15,FN16,FN10,FN7,FB1,FN1,FN9,FN17,FN2,FN21,FN11,FN20,FB3,FN12,FB2,FB4,FN8,FB6,FN22,FN4
FN14,FN16,FN19,FN5,FB7,FN6,FN10,FN7,FB1,FN1,FN9,FN13,FN17,FN2,FN21,FN11,FN20,FB3,FN12,FB2,FB4,FB6,FN3,FN22,FN23,FN4
FN14,FN12,FN7,FB7,FN5,FN19,FN16,FN6,FN10,FB1,FN1,FN9,FN21,FN11,FN20,FB3,FB2,FB4,FB6,FN8,FN3,FN22,FN4
FN14,FN16,FB1,FN5,FN6,FN10,FN7,FN9,FN1,FN13,FN2,FN21,FN11,FN20,FB3,FB2,FN12,FB6,FN8,FN3,FN22,FN4
FN14,FN21,FN19,FN15,FN6,FN7,FN9,FN1,FN17,FB3,FN12,FN8,FN3,FN23
FN14,FN6,FN9,FN5,FB7,FN19,FN15,FN10,FN1,FN13,FN21,FN17,FB3,FN20,FB4,FB2,FN12,FN8,FN3,FN4
FN14,FN2,FN23,FN16,FN10,FN1,FN13,FN21,FN20,FB4,FN12,FN3,FN4
FN14,FN2,FN6,FN5,FN15,FN16,FN13,FN1,FN21,FB4,FB6,FN23
FN14,FB1,FN1,FN15,FN7,FN13,FN21,FN20,FB2,FB6,FN3,FN22
FN14,FN1,FN3,FB7,FN16,FN6,FN7,FN9,FN11,FN20,FN22,FN4
FN14,FN1,FN23,FB7,FN5,FN16,FN15,FB1,FN7,FN9,FN13,FN17,FN2,FN11,FB3,FN12,FB2,FB6,FN3
FN14,FN4,FB3,FN5,FN19,FN16,FN15,FN6,FN10,FB1,FN7,FN13,FN1,FN9,FN2,FN17,FN11,FN20,FB2,FB4,FN12,FN8,FN3,FN22,FN23
FN14,FN7,FN20,FB7,FN5,FN15,FN16,FN10,FB1,FN1,FN13,FN17,FB3,FB4,FN12,FB2,FN8,FB6,FN3,FN4
FN14,FB1,FN22,FB7,FN5,FN19,FN15,FN16,FN6,FN10,FN7,FN9,FN13,FN1,FN17,FN2,FN11,FN20,FB3,FN12,FB4,FB2,FN8,FB6,FN3,FN23,FN4
FN14,FN6,FN8,FB7,FN5,FN19,FN15,FN16,FN10,FN7,FB1,FN9,FN1,FN13,FN2,FN17,FN21,FN11,FN20,FB3,FB4,FN12,FB2,FN3,FN22,FN4,FN23
FN14,FN10,FN15,FN19,FN6,FN7,FB1,FN9,FN13,FN1,FN17,FN21,FB3,FN20,FN12,FB4,FN8,FB6,FN22,FN23,FN4
FN14,FN15,FN10,FB7,FN5,FN19,FN6,FN16,FN7,FB1,FN9,FN1,FN13,FN17,FN21,FN2,FN11,FN20,FB3,FB4,FN12,FB2,FB6,FN8,FN3,FN22,FN23,FN4
FN14,FN21,FN16,FB7,FN5,FN19,FN6,FN15,FN10,FN7,FB1,FN13,FN1,FN9,FN17,FN11,FN20,FB2,FN12,FB4,FN8,FB6,FN3,FN22,FN4,FN23
FN14,FB3,FN1,FB7,FN5,FN6,FN15,FB1,FN13,FN17,FN20,FB2,FB4,FB6,FN8,FN22,FN4
FN14,FN15,FB2,FN5,FB7,FN19,FN16,FN6,FN10,FN7,FB1,FN1,FN9,FN13,FN2,FN17,FN11,FB3,FN20,FN12,FB4,FN8,FB6,FN3,FN22,FN23,FN4
FN14,FB2,FB1,FN5,FB7,FN19,FN6,FN15,FN16,FN10,FN7,FN13,FN1,FN9,FN17,FN2,FN21,FN11,FB3,FN20,FN12,FB4,FN8,FB6,FN3,FN22,FN4,FN23
FN14,FB6,FN20,FB7,FN6,FB1,FN1,FN9,FN21,FB3,FB4,FB2,FN3,FN4
FN14,FN13,FB1,FN5,FB7,FN19,FN15,FN6,FN10,FN9,FN1,FN17,FN21,FN11,FN20,FB2,FB4,FN8
FN14,FB3,FN15,FN16,FN7,FB1,FN1,FN13,FN9,FN2,FN21,FN20,FB4,FN12,FB2,FB6,FN8,FN3,FN22,FN4,FN23
FN14,FN6,FN17,FN5,FN19,FN16,FN10,FB1,FN7,FN1,FN13,FN21,FB3,FB4,FN12,FN8,FB6,FN3,FN22,FN4
FN14,FB1,FN22,FN5,FB7,FN19,FN15,FN16,FN6,FN10,FN7,FN1,FN9,FN13,FN21,FN17,FN20,FN12,FB4,FN8,FB6,FN3
FN14,FB2,FN1,FB7,FN19,FN16,FN6,FN15,FN10,FB1,FN7,FN13,FN2,FN11,FN12,FB6,FN8,FN3
FN14,FB4,FN16,FN6,FN10,FB1,FN1,FN13,FN17,FN21,FN11,FN20,FB2,FN12,FN8,FB6,FN4,FN23
FN14,FN7,FN3,FN5,FB7,FN19,FN6,FN16,FN15,FN10,FB1,FN13,FN9,FN1,FN21,FN2,FN17,FN11,FN20,FB3,FN12,FB2,FN8,FB6,FN22,FN23,FN4
FN14,FN1,FN2,FN5,FB7,FN19,FN15,FN10,FN7,FN9,FN21,FN17,FB3,FB2,FN8,FB6,FN3,FN22,FN4
FN14,FN23,FN13,FN5,FB7,FN16,FN15,FN10,FB1,FN7,FN9,FN1,FN2,FN11,FB3,FN20,FB4,FN12,FN8,FB6,FN3,FN4
FN14,FN3,FN17,FN5,FB7,FN19,FN16,FN15,FN6,FN10,FN7,FB1,FN9,FN13,FN1,FN2,FN21,FN11,FN20,FB3,FB4,FN12,FB2,FB6,FN8,FN22,FN23,FN4
FN14,FN4,FN1,FB7,FN19,FN6,FN16,FN15,FN10,FN7,FN9,FN13,FN17,FN2,FN11,FN20,FB2,FN12,FB6,FN3,FN22
FN14,FN11,FN21,FB7,FN19,FN6,FN15,FN16,FN10,FN7,FB1,FN1,FN13,FN17,FN2,FN20,FB3,FB2,FN12,FN8,FN3,FN22,FN23,FN4
FN14,FN8,FN17,FB7,FN5,FN19,FN15,FN6,FN10,FN1,FN21,FN11,FN20,FB2,FN12,FB6,FN3,FN4,FN23
FN14,FN15,FB6,FN5,FN19,FN6,FN16,FN10,FB1,FN7,FN9,FN1,FN21,FN17,FN2,FN11,FN20,FB3,FB2,FN12,FB4,FN8,FN3,FN22,FN23,FN4
FN14,FN17,FN16,FB7,FN5,FN6,FN15,FN10,FB1,FN7,FN9,FN1,FN13,FN21,FN2,FN11,FB3,FN20,FB2,FB4,FN12,FN8,FN3,FN22,FN4,FN23
FN14,FN23,FB6,FN5,FB7,FN19,FN6,FN15,FB1,FN7,FN1,FN2,FN21,FN20,FN12,FB2,FN8,FN22
FN14,FB2,FN13,FB7,FN15,FN6,FN16,FN7,FN1,FN9,FN2,FN21,FB3,FB4,FN12,FN3,FN22
FN14,FN13,FB1,FN5,FN19,FN16,FN15,FN7,FN9,FN1,FN17,FN11,FB3,FB2,FN3,FN23
FN14,FB2,FN16,FN5,FB7,FN6,FN15,FN10,FB1,FN1,FN13,FN9,FN17,FN20,FB3,FB4,FB6,FN8,FN3,FN22,FN23
FN14,FN6,FN3,FN5,FB7,FN15,FN7,FB1,FN1,FN13,FN9,FN20,FB3,FN12,FB2,FB4,FB6,FN22,FN23
FN14,FN2,FN6,FN5,FN16,FN15,FN7,FN1,FN17,FN11,FN12,FB4,FB2,FN8,FN4,FN23
FN14,FN1,FB1,FN16,FN15,FN6,FN21,FN17,FN11,FN20,FB3,FB4,FN12,FN3,FN22,FN23,FN4
FN14,FB7,FB4,FN5,FN19,FN15,FN6,FN16,FN10,FN7,FN1,FN9,FN21,FN17,FN11,FN20,FB2,FN12,FB6,FN3,FN22,FN4
FN14,FB1,FN11,FB7,FN19,FN6,FN7,FN1,FN2,FN17,FN21,FB3,FB4,FB2,FN12,FN8,FN3,FN22,FN4
FN14,FN23,FN17,FN5,FB7,FN19,FN6,FN16,FN15,FN10,FB1,FN7,FN9,FN13,FN1,FN2,FN21,FN11,FB3,FN20,FB4,FB2,FN12,FB6,FN8,FN3,FN22,FN4
FN14,FN1,FN17,FB7,FN5,FN15,FN6,FN2,FN20,FN12,FB2,FN3,FN23
FN14,FN7,FN11,FN5,FN15,FB1,FN9,FN1,FN21,FB3,FB4,FB6,FN8,FN23
FN14,FN5,FN13,FB7,FN19,FN6,FN15,FN10,FB1,FN7,FN1,FN9,FN21,FN17,FN11,FB3,FN20,FN12,FB4,FB6,FN8,FN22,FN23,FN4
FN14,FB6,FN9,FB7,FN19,FN16,FN6,FN10,FB1,FN1,FN17,FB3,FN20,FB4,FN8,FN3,FN22,FN23
FN14,FN22,FN23,FN19,FN15,FN6,FN10,FN1,FN11,FN12,FB6,FN3
FN14,FN6,FN7,FB7,FN19,FN10,FN1,FN11,FB2,FN8,FN3,FN22,FN4
FN14,FN15,FN12,FN19,FN6,FN7,FN1,FN9,FN17,FN21,FN11,FB3,FB4,FB2,FB6,FN3,FN4
FN14,FN11,FN10,FN5,FB7,FN15,FN6,FB1,FN7,FN9,FN1,FN21,FN20,FB3,FB2,FB6,FN8,FN22,FN23,FN4
FN14,FN6,FN21,FN5,FB7,FB1,FN1,FN20,FB6,FN3,FN22
FN14,FN6,FN7,FB7,FN5,FN19,FN15,FN16,FN10,FB1,FN1,FN13,FN9,FN2,FN17,FN21,FN11,FN20,FB3,FN12,FB2,FB4,FN8,FN3
FN14,FN22,FN5,FB7,FN19,FN16,FN15,FN6,FN10,FB1,FN7,FN9,FN13,FN1,FN21,FN2,FN17,FN11,FB3,FN20,FB4,FN12,FN8,FB6,FN3,FN4,FN23
FN14,FN5,FN6,FB7,FN1,FN17,FN2,FN11,FN3,FN22,FN4
FN14,FN16,FN1,FN19,FN15,FB1,FN17,FN21,FN3
FN14,FN4,FN7,FN5,FB7,FN15,FN10,FN13,FN9,FN1,FN2,FN17,FN21,FN11,FB3,FN20,FN12,FB2,FN8,FB6,FN3,FN22,FN23
FN14,FN23,FN9,FB7,FN5,FN19,FN15,FN10,FB1,FN7,FN13,FN1,FN17,FN21,FN2,FN11,FN12,FB4,FN8,FB6,FN3,FN4
FN14,FB1,FN9,FB7,FN15,FN16,FN10,FN7,FN13,FN1,FN2,FN17,FN21,FN11,FB3,FB4,FB2,FN8,FB6,FN22,FN23
FN14,FN11,FB1,FB7,FN5,FN19,FN6,FN16,FN15,FN10,FN7,FN9,FN1,FN13,FN2,FN17,FB3,FN20,FB2,FB4,FN12,FN8,FB6,FN3,FN22,FN23,FN4
FN14,FN1,FN6,FN5,FN19,FN10,FN9,FN13,FN2,FN12,FN22,FN23,FN4
FN14,FB2,FN5,FN7,FN1,FB3,FN23,FN4
FN14,FN7,FB7,FN5,FN19,FN15,FN6,FB1,FN9,FN13,FN1,FN17,FN11,FB3,FN20,FN12,FB6,FN3,FN23
FN14,FN11,FN19,FN5,FN16,FN10,FB1,FN1,FN21,FN12,FB4
FN14,FN8,FN7,FB7,FN5,FN19,FN16,FN6,FN15,FN10,FB1,FN9,FN1,FN13,FN21,FN2,FN17,FN11,FB3,FN20,FB4,FB2,FN12,FB6,FN3,FN22,FN23,FN4
FN14,FN21,FN16,FN19,FN6,FN10,FB1,FN1,FN9,FN17,FN11,FB3,FN20,FN12,FB2,FN8,FN3,FN4
FN14,FB3,FN11,FN5,FB7,FN19,FN6,FN16,FN10,FN7,FB1,FN9,FN1,FN13,FN2,FN21,FN20,FN12,FB4,FB2,FN8,FB6,FN22,FN23,FN4
FN14,FB2,FB3,FN5,FB7,FN16,FN7,FN1,FN13,FN9,FN17,FN2,FN11,FN20,FB4,FN8,FN3,FN22,FN4
FN14,FN1,FN21,FN6,FN16,FN10,FB1,FN9,FN13,FN2,FN11,FB3,FB2,FB6,FN8,FN3,FN22,FN4,FN23
FN14,FN19,FB2,FB7,FN15,FB1,FN13,FN1,FN9,FN17,FN2,FN21,FN11,FN20,FN12,FB4,FN8,FN3,FN4,FN23
FN14,FN17,FN12,FN5,FB7,FN19,FN10,FN7,FB1,FN1,FN21,FB3,FN20,FB4,FN8,FB6,FN22,FN4
FN14,FN5,FN1,FB7,FN19,FN6,FB1,FN7,FN9,FN13,FN2,FN11,FB3,FB4,FB2,FN8,FB6,FN3,FN4,FN23
FN14,FB3,FN13,FN5,FB7,FN19,FN15,FN6,FN16,FN10,FN7,FB1,FN1,FN9,FN17,FN2,FN21,FN11,FN20,FB4,FN12,FB6,FN8,FN3,FN22,FN4
FN14,FN5,FN21,FB7,FN19,FN16,FN13,FN1,FN9,FN17,FN2,FN11,FB3,FB6,FN8,FN22
FN14,FN23,FN1,FN5,FB7,FN19,FN16,FN6,FN15,FN10,FB1,FN7,FN13,FN9,FN2,FN17,FN21,FN11,FB3,FN20,FN12,FB4,FB6,FN3,FN22,FN4
FN14,FN6,FN21,FN5,FB7,FN19,FN15,FB1,FN1,FN17,FN2,FB3,FN20,FN12,FB2,FB4,FB6,FN3,FN22,FN4,FN23
FN14,FN4,FN17,FN19,FN7,FN13,FN9,FN1,FB2,FB4,FN3,FN22
FN14,FN11,FN2,FN5,FB7,FN19,FN15,FN16,FB1,FN7,FN9,FN1,FN17,FN21,FN20,FB2,FN12,FB4,FN8,FN3,FN22,FN23,FN4
FN14,FB4,FN12,FB7,FN5,FN19,FN6,FN15,FN10,FN7,FB1,FN1,FN13,FN9,FN21,FN2,FN17,FN11,FN20,FB2,FB6,FN23
FN14,FN22,FN4,FN15,FN16,FN10,FB1,FN1,FN9,FN13,FN2,FN21,FN17,FN11,FB3,FN20,FB2,FB4,FB6,FN3,FN23
FN14,FB2,FN20,FB7,FN19,FN6,FN16,FN10,FN7,FB1,FN9,FN13,FN1,FN2,FN17,FN21,FN11,FN8,FB6,FN3,FN22,FN23
FN14,FB4,FN19,FB7,FN6,FN16,FN15,FN10,FB1,FN1,FN9,FN2,FN21,FN11,FN20,FN12,FB2,FB6,FN8,FN3,FN22,FN23,FN4
FN14,FN19,FN20,FN16,FN10,FN13,FN1,FN17,FN21,FB3,FB2,FN8,FN22,FN4,FN23
FN14,FN11,FN23,FB7,FN7,FN1,FN21,FB3,FN20,FN8,FB6
FN14,FN19,FN21,FN5,FB7,FN6,FN16,FN10,FB1,FN7,FN9,FN1,FN13,FN2,FN17,FN11,FB3,FN20,FN12,FB4,FB2,FB6,FN8,FN3,FN22,FN4,FN23
FN14,FN1,FN10,FN6,FN9,FN21,FN11,FN20,FN12,FN3
FN14,FB7,FN9,FN19,FN10,FN1,FN2,FN17,FN11,FB3,FB2,FN12,FB4,FN8,FN3,FN22,FN23,FN4
FN14,FN12,FB3,FN19,FN6,FN15,FB1,FN9,FN13,FN1,FN11,FB2,FB6,FN4
FN14,FN23,FN6,FB7,FN5,FN19,FN15,FN16,FN10,FN7,FB1,FN13,FN1,FN9,FN2,FN17,FN21,FN11,FB3,FN20,FN12,FB2,FB4,FB6,FN8,FN22,FN4
FN14,FN21,FB2,FN19,FN1,FN2,FN20,FB3,FN8,FN4
FN14,FB2,FB4,FN5,FN19,FN15,FN6,FN16,FN10,FN7,FN9,FN1,FN17,FN21,FN11,FB3,FN12,FN22,FN4,FN23
FN14,FB7,FB2,FN5,FN19,FN6,FN16,FN15,FB1,FN7,FN1,FN9,FN13,FN17,FN2,FN21,FN20,FN12,FB4,FB6,FN3,FN22,FN4,FN23
FN14,FN16,FN11,FB7,FN6,FN10,FB1,FN7,FN1,FN17,FN21,FB3,FN20,FN12,FN3,FN4,FN23
FN14,FN20,FB3,FN5,FN19,FN6,FN7,FN1,FN17,FN2,FN11,FN12,FB4,FB2,FB6,FN8,FN3,FN22,FN23,FN4
FN14,FN5,FB4,FN19,FN10,FN13,FN1,FB2,FN4
FN14,FN5,FN7,FN19,FN16,FN6,FN15,FN10,FB1,FN1,FN13,FN21,FN2,FN11,FB3,FN20,FB2,FB4,FB6,FN8,FN3,FN22,FN23
FN14,FN12,FN19,FN5,FB7,FN16,FN15,FN6,FN10,FN7,FB1,FN9,FN13,FN1,FN17,FN2,FN21,FN11,FN20,FB3,FB4,FB2,FB6,FN8,FN3,FN22,FN23,FN4
FN14,FB7,FB2,FN1,FN13,FN17,FN21,FB3,FN8,FN3
FN14,FN1,FN4,FB7,FN5,FN6,FN10,FN7,FN9,FN2,FN21,FN20,FB3,FB4,FB2,FB6,FN23
FN14,FN15,FN3,FN5,FB7,FN19,FN16,FN6,FN10,FN7,FN9,FN1,FN2,FN17,FN21,FN11,FN20,FB4,FN12,FB6,FN22,FN4,FN23
FN14,FN1,FN10,FB1,FN7,FN11,FB2,FB4,FB6,FN22,FN23
FN14,FN20,FN17,FB7,FN19,FN16,FN15,FN10,FB1,FN9,FN1,FN2,FN11,FN8,FN22,FN4
FN14,FB3,FN12,FN10,FB1,FN1,FN17,FN3,FN22,FN23
FN14,FB2,FN6,FN10,FN7,FN1,FN9,FN17,FN8,FN22,FN4,FN23
FN14,FB2,FN17,FN5,FB7,FN19,FN15,FN6,FB1,FN1,FN13,FN2,FN11,FB3,FN20,FN12,FB6,FN3,FN4
FN14,FN6,FN12,FN5,FN19,FN1,FN9,FN2,FN11,FN8,FN3
FN14,FN2,FN13,FB7,FN5,FN19,FN15,FN16,FN6,FN10,FN7,FB1,FN9,FN1,FN17,FN21,FN11,FB3,FN20,FN12,FB4,FN8,FB6,FN3,FN22,FN4,FN23
FN14,FN22,FN3,FN5,FB7,FN19,FN16,FN6,FN15,FN10,FB1,FN7,FN13,FN9,FN1,FN2,FN17,FN21,FN11,FN20,FB3,FB4,FN12,FB2,FN8,FB6,FN23,FN4
FN14,FN19,FN17,FN6,FN15,FN10,FN7,FB1,FN1,FN9,FN21,FN2,FN11,FN20,FB4,FN12,FN8
FN14,FN1,FN4,FB7,FN5,FN19,FN16,FN6,FN15,FN10,FB1,FN7,FN13,FN9,FN17,FN2,FN21,FB3,FN12,FB2,FB4,FB6,FN8,FN3,FN22,FN23
FN14,FB4,FN17,FB7,FN5,FN16,FN10,FN13,FN1,FN21,FN2,FN11,FN20,FB2,FN12,FN8,FB6,FN22,FN4
FN14,FN21,FN5,FB7,FN15,FN6,FN16,FN10,FB1,FN7,FN9,FN1,FN13,FN17,FN11,FB3,FN20,FN12,FB4,FN8,FN3,FN22,FN4
FN14,FN21,FN8,FB7,FN19,FN6,FN10,FB1,FN9,FN13,FN1,FN2,FN20,FB3,FB2,FB4,FN4,FN23
FN14,FN16,FB2,FB7,FN5,FN19,FN6,FN15,FN10,FB1,FN7,FN1,FN9,FN13,FN2,FN21,FN17,FN11,FN20,FB3,FN12,FB4,FB6,FN3,FN22,FN23,FN4
FN14,FN7,FB4,FB7,FN5,FN19,FN16,FN15,FN6,FN10,FB1,FN1,FN13,FN21,FN20,FN12,FB2,FN8,FB6,FN22,FN4
FN14,FN8,FN22,FN19,FN15,FN16,FN6,FB1,FN1,FN9,FN21,FN2,FN11,FN12,FB4,FB2,FB6,FN3,FN23
FN14,FN21,FN5,FB7,FN19,FN16,FN15,FN6,FB1,FN7,FN1,FN9,FN13,FN17,FN2,FN11,FN20,FB4,FB6,FN3,FN22,FN23,FN4
FN14,FN16,FN23,FN5,FB7,FN19,FN15,FN10,FN7,FN1,FN13,FN21,FN11,FB3,FN12,FB4,FB2,FN8,FN22,FN4
FN14,FN13,FN4,FN16,FN15,FN10,FN1,FN9,FN17,FN21,FB3,FN20,FB2,FN12,FN8,FN22,FN23
FN14,FN20,FN6,FN5,FB7,FN16,FB1,FN7,FN9,FN1,FN13,FN2,FN17,FN11,FB3,FB2,FN12,FB6,FN8,FN22,FN4
FN14,FN10,FN15,FN19,FN1,FN13,FN11,FB3,FB2,FN3
FN14,FN3,FB4,FB7,FN5,FB1,FN1,FN13,FN17,FN2,FN20,FN12,FB2,FN8,FN22,FN4,FN23
FN14,FN20,FB7,FN5,FN19,FN16,FN6,FN15,FN10,FN7,FB1,FN9,FN1,FN13,FN21,FN17,FN11,FB3,FN12,FB2,FB4,FN8,FB6,FN3,FN22,FN4,FN23
FN14,FN17,FB3,FN5,FN19,FN15,FB1,FN9,FN1,FN2,FN21,FN11,FN12,FN8,FN3,FN23
FN14,FB7,FN20,FN5,FN19,FN15,FN16,FN6,FN10,FB1,FN13,FN1,FN9,FN2,FN17,FN11,FB3,FN12,FB4,FB6,FN8,FN3,FN22,FN23
FN14,FB3,FN9,FB7,FN5,FN19,FN6,FN15,FN16,FN10,FB1,FN7,FN13,FN1,FN21,FN17,FN2,FN11,FN20,FB4,FB2,FN12,FN8,FB6,FN3,FN4,FN23
FN14,FN15,FN12,FN5,FB7,FN19,FN16,FN6,FN10,FB1,FN13,FN1,FN21,FN17,FN2,FN11,FB3,FN20,FB2,FB4,FN8,FN22,FN4
FN14,FN6,FN23,FB1,FN7,FN13,FN1,FN21,FN11,FN20,FB6
FN14,FN8,FN17,FB7,FN19,FN15,FN10,FN7,FN1,FN9,FN11,FB3,FN12,FN22
FN14,FN5,FN4,FB7,FN19,FN16,FN6,FN15,FN10,FB1,FN7,FN9,FN13,FN1,FN17,FN2,FN21,FN11,FB3,FN20,FN12,FB2,FB4,FN8,FB6,FN3,FN22,FN23
FN14,FB7,FB3,FN19,FN15,FN6,FN10,FN7,FB1,FN1,FN13,FN9,FN2,FN17,FN20,FB2,FN12,FB6,FN3,FN22,FN23,FN4
FN14,FN9,FN20,FN5,FB7,FN19,FN6,FN16,FN1,FN2,FN17,FN21,FB3,FN12,FB2,FB6,FN22,FN4,FN23
FN14,FN7,FB1,FN5,FB7,FN19,FN6,FN16,FN15,FN10,FN13,FN1,FN9,FN17,FN2,FN21,FN11,FB3,FN20,FN12,FB2,FB4,FN8,FB6,FN3,FN22,FN4,FN23
FN14,FB6,FB7,FN5,FN19,FN15,FN6,FN16,FN10,FB1,FN7,FN1,FN13,FN9,FN17,FN21,FN2,FN11,FB3,FN20,FB4,FB2,FN12,FN8,FN3,FN22,FN23,FN4
FN14,FB2,FN1,FB7,FN5,FN6,FN16,FN10,FN7,FB1,FN13,FN17,FN21,FN2,FN11,FN20,FB3,FB4,FN12,FN8,FN3,FN22,FN23
FN14,FN5,FN10,FB7,FN19,FN16,FN15,FN6,FB1,FN7,FN1,FN9,FN13,FN17,FN20,FN12,FB4,FN3,FN22,FN4,FN23
FN14,FN10,FN5,FN6,FN16,FN7,FN1,FN9,FN17,FN11,FN20,FB3,FB2,FN3,FN22
FN14,FB6,FB1,FN5,FN19,FN15,FN10,FN7,FN1,FN13,FN21,FN11,FN20,FB3,FB2,FN8,FN3,FN22,FN23
FN14,FN4,FN10,FB7,FN5,FN19,FN15,FN6,FN7,FN13,FN9,FN1,FN21,FN2,FN17,FN11,FB3,FN20,FB2,FN12,FN8,FB6,FN3,FN22,FN23
FN14,FN8,FB1,FN5,FB7,FN6,FN10,FN7,FN9,FN1,FN21,FN17,FB3,FB2,FB4,FB6,FN3,FN22,FN23,FN4
FN14,FN15,FN17,FN5,FN19,FN6,FN16,FN10,FN9,FN1,FN2,FB3,FB2,FN8,FB6,FN22,FN23,FN4
FN14,FN8,FN16,FB7,FN5,FN19,FN15,FN1,FN21,FN2,FN20,FB3,FB4,FN12,FB2,FB6,FN3,FN22,FN4
FN14,FN1,FN10,FB7,FN19,FN6,FN15,FN16,FN7,FB1,FN9,FN13,FN17,FN2,FN11,FN20,FB4,FN12,FB2,FN8,FN3,FN22,FN4,FN23
FN14,FB7,FN22,FB1,FN1,FN11,FN20,FN4
FN14,FN1,FN13,FB7,FN5,FN19,FN6,FB1,FN7,FN2,FN21,FN12,FB6,FN3,FN23
FN14,FN21,FN10,FN5,FB7,FN19,FN16,FN15,FB1,FN7,FN9,FN1,FN13,FN2,FN11,FB3,FN12,FB2,FN8,FB6,FN3,FN22,FN23,FN4
FN14,FB1,FN11,FN16,FN15,FN6,FN7,FN13,FN9,FN1,FN17,FB3,FB2,FN12,FN8,FN3,FN22,FN23
FN14,FB6,FB3,FN5,FN6,FN1,FN17,FN12,FN22
FN14,FN20,FN12,FN5,FN19,FN15,FN6,FN10,FN7,FB1,FN1,FN13,FN21,FN17,FN11,FN3,FN22,FN23,FN4
FN14,FN3,FN7,FN19,FN16,FN10,FN1,FN9,FN11,FN12,FN8
FN14,FN6,FB7,FN5,FN19,FN16,FN15,FN10,FN7,FB1,FN1,FN9,FN13,FN21,FN2,FN17,FN11,FN20,FN12,FB2,FN8,FB6,FN3,FN22,FN4,FN23
FN14,FN9,FN5,FN6,FB1,FN1,FN13,FN2,FN17,FB6,FN4,FN23
FN14,FN1,FN2,FN5,FB7,FN19,FN15,FN6,FN13,FN21,FN20,FB4,FB2,FN23
FN14,FN7,FN12,FB7,FN19,FN6,FN15,FB1,FN13,FN9,FN1,FN17,FN11,FN20,FB3,FB2,FN3,FN22,FN23
FN14,FN20,FN10,FN5,FB7,FN19,FN6,FN16,FN15,FB1,FN7,FN9,FN1,FN17,FN11,FB3,FN12,FB2,FB4,FN8,FB6,FN22,FN23,FN4
FN14,FN4,FN20,FB7,FN5,FN19,FN6,FN16,FN15,FN10,FN7,FB1,FN9,FN1,FN13,FN17,FN21,FN2,FN11,FB2,FB4,FN8,FB6,FN3,FN22,FN23
FN14,FN11,FN8,FB7,FN5,FN16,FN6,FN15,FN10,FN7,FB1,FN13,FN9,FN1,FN2,FN17,FN21,FN20,FB6,FN3,FN22,FN4,FN23
FN14,FN2,FN1,FB7,FN5,FN19,FN15,FN16,FN6,FN10,FN7,FB1,FN9,FN13,FN21,FN17,FN20,FB3,FN12,FB4,FB2,FN8,FB6,FN3,FN22
FN14,FN11,FN7,FB7,FN5,FN19,FN6,FN16,FN15,FN10,FB1,FN13,FN1,FN9,FN17,FN21,FN2,FN20,FB3,FB2,FN12,FB4,FN8,FB6,FN3,FN22,FN4
FN14,FN17,FN6,FN5,FN19,FN10,FN7,FN1,FN9,FN2,FN21,FN11,FB3,FB2,FN8,FN22,FN23
FN14,FN21,FN1,FB7,FN19,FN16,FN7,FB1,FN9,FN13,FN2,FN11,FN20,FB2,FB4,FN12,FN8,FN3,FN22,FN23,FN4
FN14,FN11,FN19,FN5,FN10,FN1,FN17,FB3,FB2
FN14,FN3,FN23,FN5,FN19,FN6,FN16,FN15,FN10,FB1,FN7,FN9,FN13,FN1,FN21,FN2,FN11,FN20,FB3,FN12,FB2,FB4,FB6,FN8,FN22,FN4
FN14,FN3,FB3,FN5,FB7,FN19,FN6,FN10,FN7,FN13,FN1,FN9,FN17,FN2,FN21,FN11,FN20,FN12,FB2,FB4,FB6,FN22,FN23,FN4
FN14,FN22,FN17,FB7,FN19,FN16,FN10,FB1,FN7,FN1,FN9,FN13,FN21,FN11,FB3,FB2,FN12,FB4,FN23
FN14,FB7,FN16,FN5,FN13,FN1,FN17,FB2,FN12,FB6,FN8,FN3,FN22,FN4
FN14,FN6,FN9,FN15,FN10,FN1,FN17,FN20
FN14,FN6,FN15,FN5,FB7,FN19,FN16,FN10,FN7,FB1,FN1,FN13,FN9,FN2,FN21,FN17,FN11,FN12,FB2,FB6,FN8,FN3,FN22,FN4
FN14,FN7,FN8,FB7,FN19,FN16,FN10,FB1,FN13,FN1,FN21,FN2,FB2,FN3,FN23
FN14,FN20,FN1,FN5,FB7,FN19,FN6,FN16,FN15,FN10,FN7,FB1,FN13,FN9,FN21,FN2,FN17,FN11,FB3,FB2,FB4,FN12,FN8,FB6,FN3,FN22,FN4,FN23
FN14,FN4,FN6,FN19,FN15,FN10,FN7,FB1,FN1,FN21,FN17,FN20,FN8,FN3,FN22
FN14,FN21,FN8,FN5,FB7,FN15,FB1,FN1,FN13,FN17,FN11,FN12,FB4,FB6,FN23
FN14,FN8,FN6,FN10,FB1,FN1,FN13,FN2,FB2,FN12,FB6,FN22
FN14,FN10,FN4,FN5,FB7,FN19,FN6,FN16,FN7,FN13,FN1,FN17,FN11,FN20,FN12,FB6,FN3,FN23
FN14,FN20,FN2,FN5,FN19,FB1,FN7,FN1,FN17,FB3,FB2,FB6
FN14,FN22,FB3,FB7,FN5,FN15,FN16,FN6,FN7,FB1,FN9,FN1,FN21,FN20,FB4,FN12,FB6,FN8,FN4
FN14,FN3,FN17,FB7,FN19,FN16,FN10,FN7,FN9,FN1,FN11,FN20,FN8
FN14,FN9,FN4,FB7,FN5,FN15,FN6,FN16,FN10,FN7,FB1,FN1,FN17,FN2,FN11,FB3,FN12,FB4,FB2,FN8,FB6,FN3,FN22,FN23
FN14,FN15,FN17,FN5,FN6,FN16,FN10,FB1,FN1,FN9,FN21,FN20,FB3,FN8,FN3,FN23,FN4
FN14,FN23,FB4,FB7,FN5,FN19,FN16,FN10,FN7,FB1,FN13,FN1,FN2,FN17,FN20,FB3,FB2,FN8,FN3,FN22,FN4
FN14,FB6,FN20,FN5,FN19,FN16,FN15,FN6,FN10,FB1,FN1,FN13,FN9,FN2,FN21,FN17,FN11,FB3,FN12,FB2,FB4,FN8,FN3,FN22
FN14,FN2,FN5,FB7,FN16,FN6,FN10,FN7,FN13,FN9,FN1,FN17,FN21,FN20,FB2,FN12,FB4,FN8,FB6,FN3,FN22,FN4
FN14,FN8,FN3,FN5,FN19,FN15,FN10,FN9,FN13,FN1,FN2,FN17,FN11,FB3,FN20,FB2,FN12,FB4,FB6,FN22,FN4
FN14,FN1,FN11,FB7,FN5,FN16,FN6,FN10,FB1,FN9,FN13,FN2,FN17,FN21,FN20,FB3,FN12,FB4,FB6,FN23,FN4
FN14,FN1,FB7,FN5,FN19,FN6,FN10,FN12,FB2
FN14,FN9,FN1,FN5,FN6,FN15,FN16,FN10,FB1,FN7,FN2,FN21,FN17,FN11,FB3,FN20,FB4,FN12,FN8,FB6,FN3,FN4,FN23
FN14,FN13,FN11,FB7,FN5,FN19,FN16,FN15,FN10,FN7,FB1,FN1,FN17,FN20,FB3,FN12,FB4,FB2,FB6,FN3,FN22
FN14,FB3,FN8,FN5,FB7,FN19,FN15,FN6,FN16,FN10,FB1,FN7,FN13,FN1,FN17,FN21,FN2,FN11,FN20,FB4,FB2,FN12,FB6,FN3,FN22,FN4,FN23
FN14,FN15,FB3,FB7,FN5,FN19,FN6,FN1,FN13,FN9,FN21,FN2,FN17,FN11,FN20,FB4,FB2,FB6,FN22,FN4,FN23
FN14,FN13,FN5,FB7,FN19,FN15,FN6,FN16,FN7,FN1,FN9,FN17,FN11,FB3,FN12,FB4,FB2,FB6,FN3,FN22,FN4,FN23
FN14,FN11,FN6,FB7,FN15,FN16,FN10,FN7,FB1,FN9,FN1,FN13,FN17,FN21,FN2,FB3,FN12,FB2,FB4,FN8,FB6,FN22,FN23,FN4
FN14,FN17,FN10,FB7,FN19,FN6,FB1,FN1,FN9,FN20,FN8,FN4
FN14,FN7,FB6,FB7,FN5,FN6,FN16,FN9,FN13,FN1,FN21,FN11,FB3,FB4,FB2,FN12,FN3
FN14,FN10,FN7,FB7,FN5,FN15,FN16,FN1,FN9,FN17,FN21,FN2,FB3,FN12,FB4,FN8,FN3,FN22,FN4
FN14,FN23,FN13,FB7,FN6,FN15,FN10,FN9,FN1,FN11,FB3,FN20,FB4,FB6,FN4
FN14,FN21,FN7,FN5,FB7,FN19,FN6,FN15,FN16,FN10,FB1,FN1,FN2,FN11,FN20,FB2,FB6,FN3,FN22,FN23
FN14,FN10,FN6,FN5,FB7,FN19,FN16,FN15,FB1,FN1,FN2,FN11,FB3,FN12,FB4,FB2,FB6,FN8,FN3,FN22,FN23,FN4
FN14,FB3,FN13,FN5,FB7,FN19,FN6,FN16,FN15,FN10,FB1,FN9,FN1,FN21,FN2,FN11,FB4,FN12,FB2,FN8,FN3,FN22,FN23,FN4
FN14,FN9,FN22,FB7,FN5,FN19,FN16,FN6,FN10,FN1,FN21,FN17,FN2,FN11,FB2,FB4,FN12,FB6,FN8,FN23,FN4
FN14,FN13,FN15,FN5,FN19,FN7,FB1,FN9,FN1,FN2,FN20,FN3,FN22,FN23
FN14,FN12,FB4,FB7,FN19,FN15,FN16,FN10,FN1,FN9,FN13,FN17,FN21,FN2,FB3,FB2,FN22,FN4,FN23
FN14,FB2,FN19,FN5,FN15,FN6,FN13,FN1,FN9,FN21,FN2,FN11,FN12,FB4,FB6,FN8,FN3,FN22,FN23
FN14,FN21,FN12,FN5,FB7,FN19,FN6,FN15,FN7,FN9,FN1,FN17,FN2,FB3,FB2,FB4,FB6,FN3,FN22,FN23,FN4
FN14,FN6,FB4,FN5,FN16,FN1,FN9,FN21,FN2,FN11,FB3,FB2,FN22
FN14,FB3,FB1,FB7,FN5,FN19,FN15,FN16,FN6,FN10,FN7,FN1,FN9,FN2,FN17,FB4,FB6,FN22,FN23,FN4
FN14,FB6,FN2,FB7,FN5,FN19,FN16,FN15,FN10,FB1,FN7,FN9,FN13,FN1,FN17,FN21,FN20,FB4,FN12,FN8,FN22,FN4
FN14,FB4,FB7,FN5,FN19,FN6,FN1,FN13,FN2,FN11,FB3,FN20,FN12,FB6,FN3,FN4
FN14,FN1,FN21,FN5,FB7,FN19,FN15,FN6,FN16,FN10,FB1,FN7,FN13,FN9,FN17,FN2,FN11,FB3,FN20,FN12,FB2,FB4,FB6,FN8,FN3,FN22,FN23,FN4
FN14,FN19,FB2,FB7,FN6,FN15,FN16,FN10,FB1,FN7,FN1,FN9,FN13,FN17,FN21,FN2,FN11,FN20,FB3,FN12,FB4,FN8,FB6,FN3,FN22,FN23,FN4
FN14,FN13,FN6,FN19,FN15,FN10,FN1,FN9,FN17,FN12,FB4,FB2,FN8
FN14,FB2,FB1,FN5,FB7,FN16,FN15,FN6,FN7,FN13,FN1,FN21,FN11,FN20,FN12,FN8,FB6,FN3,FN22,FN23,FN4
FN14,FN3,FN17,FN5,FB7,FN19,FN6,FN15,FN10,FN7,FB1,FN9,FN1,FN13,FN2,FN21,FN20,FB3,FN12
FN14,FB3,FB1,FN5,FN19,FN10,FN1,FN11,FN20,FB2,FN12,FN8,FN4
FN14,FN17,FN19,FN15,FN16,FN10,FN9,FN1,FN2,FN21,FN11,FB4,FB6,FN3,FN4,FN23
FN14,FB3,FN12,FN5,FB7,FN19,FN15,FN16,FN6,FN10,FN7,FB1,FN1,FN13,FN9,FN21,FN17,FN2,FN11,FN20,FB2,FB4,FB6,FN8,FN3,FN22,FN4
FN14,FN10,FN20,FN5,FN6,FN1,FN9,FN2,FN21,FN11,FB3,FB2,FN3,FN4
FN14,FN4,FN15,FB7,FN19,FN16,FN6,FN10,FN7,FN1,FN13,FN21,FN11,FB3,FN12,FB4,FB2,FN8,FN23
FN14,FB3,FN19,FB7,FN6,FN15,FN7,FB1,FN1,FN9,FN13,FN2,FN21,FN17,FN11,FN20,FB4,FB2,FB6,FN8,FN3,FN4,FN23
FN14,FN9,FN1,FB7,FN5,FN19,FN15,FN16,FN6,FN7,FB1,FN21,FN2,FN17,FN11,FN20,FB3,FB4,FB2,FN12,FN8,FB6,FN3,FN22,FN4
FN14,FN5,FN4,FB7,FN6,FN1,FN21,FN2,FN11,FB3,FB2,FB6,FN3,FN22
FN14,FB6,FN8,FN5,FN19,FN6,FN16,FN15,FN10,FN7,FB1,FN13,FN1,FN21,FN11,FB3,FN20,FB2,FN12,FB4,FN3,FN22,FN4,FN23
FN14,FB1,FN22,FB7,FN19,FN6,FN10,FN7,FN1,FN11,FB4,FN12,FB6,FN23
FN14,FN21,FN15,FB7,FN5,FN19,FN6,FN16,FN10,FN7,FB1,FN9,FN13,FN1,FN2,FN17,FN11,FN20,FB3,FB2,FN12,FB4,FB6,FN22,FN4,FN23
FN14,FN2,FN3,FN5,FB7,FN19,FN15,FN16,FN6,FN10,FN7,FB1,FN13,FN1,FN21,FN17,FN11,FB3,FN20,FB2,FB4,FN12,FN8,FB6,FN22,FN23
FN14,FN5,FN1,FB7,FN19,FN15,FN16,FN6,FN10,FN7,FB1,FN13,FN9,FN2,FN17,FN21,FN11,FN20,FB3,FB4,FB2,FN12,FN8,FB6,FN3,FN22,FN4,FN23
FN14,FN13,FN2,FN5,FB7,FN19,FN15,FN6,FN16,FN10,FN7,FB1,FN1,FN21,FN17,FN11,FN20,FB3,FN12,FB4,FB2,FB6,FN8,FN22,FN4,FN23
FN14,FN4,FN7,FB7,FN5,FN19,FN16,FN15,FN10,FB1,FN13,FN1,FN9,FN21,FN2,FN17,FN11,FN20,FB3,FN12,FB2,FN8,FB6,FN3,FN22
FN14,FN23,FN22,FB7,FN5,FN19,FN16,FN6,FN15,FN10,FN7,FB1,FN13,FN1,FN21,FN17,FN2,FN11,FN20,FB3,FB4,FN12,FB2,FN8,FN3,FN4
FN14,FN1,FN20,FN5,FN16,FB1,FN7,FN9,FN2,FN12,FB6,FN8,FN3,FN22,FN4
FN14,FN17,FN21,FB7,FN5,FN19,FN15,FN16,FB1,FN7,FN1,FN2,FN20,FB2,FB4,FN12,FB6,FN3,FN4
FN14,FB7,FN13,FN16,FN1,FN21,FB3,FN23
FN14,FB1,FN7,FB7,FN5,FN19,FN15,FN16,FN6,FN10,FN13,FN9,FN1,FN21,FN17,FN2,FN11,FB3,FB2,FN12,FB4,FN8,FB6,FN3,FN23,FN4
FN14,FN12,FN15,FN5,FN19,FN16,FN10,FB1,FN7,FN1,FN13,FN9,FN17,FN21,FN11,FN20,FB3,FB2,FB4,FB6,FN3,FN22,FN23,FN4
FN14,FN21,FN9,FB7,FN5,FN19,FN6,FN16,FN15,FN10,FB1,FN13,FN1,FN2,FN17,FN11,FN20,FB3,FB4,FN12,FB2,FN8,FB6,FN3,FN22,FN4,FN23
FN14,FN9,FB6,FN5,FB7,FN19,FN15,FN16,FN6,FN10,FB1,FN7,FN1,FN13,FN17,FN21,FN2,FN11,FN20,FB3,FN12,FB2,FB4,FN8,FN3,FN22,FN4,FN23
FN14,FB6,FN1,FN10,FN9,FB4,FN22,FN23
FN14,FN7,FN6,FN5,FB7,FN15,FN16,FN10,FB1,FN1,FN21,FN2,FN17,FN11,FB3,FN20,FB2,FN12,FB4,FN8,FN3,FN22,FN4
FN14,FN13,FN1,FB7,FN5,FN19,FN15,FN7,FN17,FB2,FN12,FB4,FB6,FN3
FN14,FN9,FN5,FN19,FN6,FN15,FN10,FN7,FN1,FN17,FN2,FN11,FN20,FB3,FB4,FN12,FN8,FN3,FN22,FN4
FN14,FB6,FN11,FN5,FB7,FN19,FN15,FN6,FN16,FN10,FN7,FB1,FN9,FN1,FN13,FN2,FN17,FN21,FN20,FB3,FB2,FN12,FN8,FN3,FN22,FN23,FN4
FN14,FN2,FN22,FB7,FN5,FN19,FN6,FN7,FB1,FN1,FN13,FN21,FN17,FB3,FN20,FB4,FN12,FB2,FN8,FB6,FN3,FN23,FN4
FN14,FB3,FB2,FB7,FN5,FN19,FN6,FN16,FN15,FN10,FN7,FB1,FN1,FN13,FN9,FN17,FN2,FN21,FN11,FN20,FB4,FB6,FN8,FN3,FN22,FN23,FN4
FN14,FB7,FN7,FN5,FN19,FN16,FN10,FB1,FN1,FN13,FN9,FN2,FN11,FN20,FB3,FB4,FN12,FN8,FB6,FN22,FN23,FN4
FN14,FN5,FB7,FN19,FN16,FN6,FN10,FN7,FB1,FN1,FN9,FN17,FN2,FN21,FN20,FB2,FB4,FN12,FN8,FN3,FN22,FN23,FN4
FN14,FB6,FN5,FN16,FN6,FN15,FN10,FN7,FB1,FN13,FN1,FN9,FN21,FN17,FN2,FN11,FB3,FB4,FN3,FN22,FN4,FN23
FN14,FN2,FN8,FN1,FN9,FB3,FN12,FB4,FN3,FN4
FN14,FN2,FN13,FB7,FN5,FN19,FN6,FN10,FN7,FB1,FN9,FN1,FN17,FN21,FN11,FB3,FB4,FN12,FB2,FN8,FB6,FN3,FN23
FN14,FB7,FN22,FN5,FN15,FN6,FN7,FB1,FN13,FN9,FN1,FN21,FN17,FN11,FB4,FB6,FN8,FN3,FN23
FN14,FN21,FN5,FN19,FN15,FN16,FN6,FN10,FN7,FB1,FN1,FN9,FN13,FN2,FN17,FN11,FB3,FN20,FN12,FB2,FB4,FB6,FN8,FN3,FN22,FN4,FN23
FN14,FN9,FN15,FN5,FN19,FN6,FN7,FN1,FN2,FN21,FN17,FB3,FN20,FN12,FB4,FN8,FN3,FN22,FN23
FN14,FB7,FN19,FN15,FN6,FN16,FN10,FB1,FN13,FN1,FN9,FN2,FN21,FN20,FB3,FN12,FB2,FB4,FB6,FN8,FN3,FN22,FN23
FN14,FN22,FN2,FB7,FN5,FN19,FN6,FN15,FN16,FN10,FN7,FB1,FN13,FN1,FN9,FN17,FN21,FN11,FB3,FN20,FB2,FN12,FB4,FN8,FB6,FN3,FN23,FN4
FN14,FB7,FN3,FN5,FN19,FN15,FN6,FN16,FN10,FN7,FN9,FN1,FN13,FN2,FN21,FN17,FN11,FN20,FB3,FB2,FB4,FN12,FB6,FN8,FN22,FN23,FN4
FN14,FN16,FN19,FN5,FB7,FN6,FN15,FN10,FB1,FN7,FN1,FN13,FN9,FN21,FN17,FN2,FN11,FB3,FN20,FB4,FN12,FB2,FB6,FN8,FN3,FN22,FN4,FN23
FN14,FN23,FN15,FN5,FB7,FN19,FN6,FN16,FN9,FN1,FN13,FN2,FN17,FN11,FB4,FN8,FB6,FN22
FN14,FN5,FN17,FB7,FN19,FN16,FN15,FN6,FN10,FB1,FN7,FN1,FN9,FN13,FN21,FN2,FN11,FB3,FN20,FN12,FB4,FB2,FB6,FN3,FN22,FN23,FN4
FN14,FN16,FN22,FB7,FN19,FN15,FN10,FN7,FB1,FN13,FN1,FN2,FN11,FN20,FB6,FN8,FN3,FN23,FN4
FN14,FB3,FB6,FB7,FN19,FN15,FN16,FN6,FN10,FB1,FN7,FN1,FN9,FN13,FN21,FN17,FN2,FN11,FN20,FB2,FB4,FN12,FN8,FN23,FN4
FN14,FN7,FB2,FB1,FN9,FN1,FN2,FN17,FN11,FB3,FB4,FB6,FN8,FN3,FN4
FN14,FB4,FB2,FN5,FB7,FN6,FB1,FN13,FN9,FN1,FN17,FN2,FN21,FB3,FN12,FN8,FN3,FN22,FN4
FN14,FB2,FN11,FB7,FN5,FN19,FN16,FN15,FN6,FN10,FB1,FN7,FN1,FN13,FN21,FN17,FB3,FB4,FB6,FN8,FN3,FN23,FN4
FN14,FN16,FN1,FN5,FN19,FN6,FN15,FN10,FN7,FN13,FN9,FN2,FN11,FB3,FN12,FB4,FB6,FN3,FN22
FN14,FN1,FN6,FB7,FN5,FN19,FN15,FN16,FN10,FB1,FN7,FN9,FN21,FN2,FN17,FN11,FN20,FB3,FB2,FB4,FB6,FN3,FN23
FN14,FN5,FN16,FB7,FN19,FN6,FN15,FN7,FN1,FN13,FN9,FN2,FN17,FN11,FB3,FB4,FB2,FN12,FB6,FN3,FN22,FN23
FN14,FB3,FN22,FN6,FN10,FN1,FN21,FN2,FN11,FN20,FN12,FB2,FB6,FN8,FN3,FN23
FN14,FN15,FN10,FB7,FN5,FN19,FN16,FN6,FN7,FB1,FN13,FN9,FN1,FN2,FN17,FN21,FN11,FB3,FN20,FB4,FB2,FN12,FB6,FN8,FN3,FN22,FN4,FN23
FN14,FN7,FN15,FB7,FN5,FN19,FN6,FN16,FN10,FB1,FN1,FN13,FN9,FN2,FN17,FN21,FB3,FN20,FB4,FB2,FN12,FB6,FN8,FN3,FN22,FN4,FN23
FN14,FN9,FN21,FB7,FN5,FN19,FN6,FN16,FN15,FN10,FN7,FN1,FN13,FN2,FN17,FN11,FB3,FN20,FB4,FB2,FB6,FN8,FN3,FN22,FN23,FN4
FN14,FN17,FN12,FB7,FN5,FN19,FN6,FN15,FN16,FN10,FN7,FB1,FN1,FN13,FN9,FN2,FN21,FN11,FN20,FB3,FB4,FB6,FN8,FN3,FN22,FN23,FN4
FN14,FN9,FN4,FN5,FB7,FN19,FN16,FN15,FN7,FB1,FN13,FN1,FN2,FN17,FN11,FB3,FN20,FB4,FN12,FB6,FN8,FN23
FN14,FN6,FN5,FB7,FN19,FN15,FN10,FN7,FB1,FN13,FN9,FN1,FN2,FN17,FN11,FN20,FB2,FN12,FB4,FN8,FB6,FN3,FN22,FN23,FN4
FN14,FN23,FN12,FB7,FN5,FN19,FN16,FN15,FN6,FN10,FB1,FN7,FN1,FN13,FN9,FN17,FN21,FN2,FN11,FB3,FN20,FB4,FB2,FN8,FB6,FN3,FN22,FN4
FN14,FN13,FN7,FN5,FN19,FN15,FN6,FB1,FN1,FN9,FN2,FB3,FN20,FB2,FN3,FN22
FN14,FN4,FN2,FB7,FN19,FN6,FN15,FN10,FB1,FN1,FN13,FN9,FN17,FN11,FB3,FN20,FB4,FN8,FB6,FN3,FN23
FN14,FN10,FN1,FB7,FN19,FB1,FN13,FN21,FN20,FB4,FN12,FN8,FN22
FN14,FN13,FN11,FB7,FN5,FN15,FN16,FB1,FN9,FN1,FN17,FB3,FN20,FB4,FN12,FB2,FB6,FN3
FN14,FN22,FN6,FN9,FN13,FN1,FN17,FN11,FN20,FB3,FB4,FB6,FN8,FN4,FN23
FN14,FB2,FN11,FN5,FN6,FN15,FN16,FN10,FB1,FN7,FN9,FN1,FN13,FN2,FN17,FN21,FB3,FN20,FB4,FB6,FN8,FN3,FN23,FN4
FN14,FN23,FN19,FB7,FN6,FN16,FN15,FB1,FN7,FN9,FN1,FN13,FN2,FN21,FN17,FN11,FN20,FB3,FB2,FB4,FB6,FN8,FN22,FN4
FN14,FN7,FN10,FB7,FN5,FN19,FN6,FN15,FN16,FB1,FN9,FN1,FN13,FN17,FN21,FN2,FN11,FB3,FN20,FN12,FB2,FB4,FN8,FN3,FN23,FN4
FN14,FN17,FN2,FN5,FN19,FN15,FN6,FN10,FN7,FB1,FN9,FN1,FN21,FB3,FN20,FN12,FB6,FN3,FN22,FN4,FN23
FN14,FB1,FN9,FN19,FN6,FN15,FN10,FN1,FN17,FB6,FN3,FN22,FN4
FN14,FN23,FB7,FN5,FN19,FN15,FN6,FB1,FN7,FN9,FN1,FN13,FN17,FN2,FN11,FN20,FB3,FB6,FN8,FN3,FN4
FN14,FN6,FB3,FB7,FN19,FN10,FN7,FB1,FN1,FN9,FN13,FN17,FN2,FN21,FN11,FN20,FB2,FB4,FB6,FN8,FN3,FN23
FN14,FN1,FN2,FN5,FB7,FN19,FN16,FN15,FN10,FN7,FN9,FN13,FN20,FB3,FN12,FB4,FN8,FN3,FN22,FN23,FN4
FN14,FN23,FN12,FB7,FN15,FN10,FB1,FN7,FN1,FN13,FN21,FN2,FB3,FB2,FN8,FB6,FN3,FN22,FN4
FN14,FN12,FN13,FN5,FN15,FN10,FN7,FN1,FN2,FN11,FN20,FN3,FN22,FN4,FN23
FN14,FB7,FN9,FN5,FN15,FN6,FN16,FN10,FN7,FB1,FN13,FN1,FN21,FN17,FN11,FN20,FB3,FB4,FB6,FN3,FN22,FN4
FN14,FN5,FN7,FB7,FN19,FN15,FN16,FN10,FB1,FN9,FN1,FN13,FN2,FN11,FB3,FN20,FN12,FB4,FB2,FB6,FN8,FN3,FN22,FN23,FN4
FN14,FB4,FN4,FN5,FB7,FN19,FN15,FN16,FN6,FN10,FN7,FB1,FN13,FN1,FN9,FN17,FN2,FN21,FB3,FN20,FN12,FB2,FN8,FB6,FN22,FN23
FN14,FN12,FN13,FB7,FN5,FN19,FN16,FN15,FN10,FB1,FN9,FN1,FN17,FN21,FN2,FN11,FN20,FB3,FB2,FB4,FB6,FN3,FN22,FN23,FN4
FN14,FN19,FN22,FB7,FN5,FN15,FN16,FN6,FN10,FN7,FB1,FN13,FN1,FN9,FN17,FN21,FN11,FB3,FN12,FB4,FB6,FN3,FN23,FN4
FN14,FN23,FN3,FN15,FN1,FN17,FN20,FN22
FN14,FN1,FN12,FN15,FB1,FN9,FN17,FN11,FN20,FB2,FN3,FN4
FN14,FN2,FN7,FB7,FN5,FN19,FN16,FN6,FN15,FN10,FN13,FN1,FN17,FB4,FN12,FN8,FN22,FN4
FN14,FN7,FB3,FB7,FN5,FN15,FN6,FN16,FB1,FN9,FN1,FN13,FN17,FN21,FN2,FN11,FN20,FN12,FB2,FN8,FB6,FN3,FN23
FN14,FN20,FB7,FN19,FN16,FN15,FN6,FB1,FN7,FN1,FN13,FN17,FN2,FN11,FB3,FB4,FB2,FN3
FN14,FN3,FN20,FN19,FN16,FN7,FB1,FN9,FN1,FN2,FN21,FB4,FB6,FN22,FN23
FN14,FB4,FB3,FB7,FN15,FN10,FB1,FN7,FN13,FN1,FN21,FN17,FN20,FB2,FB6,FN3,FN22,FN23,FN4
FN14,FN5,FB6,FB7,FN19,FN16,FN15,FN6,FN10,FB1,FN7,FN13,FN9,FN1,FN21,FN2,FN11,FB3,FN20,FB2,FB4,FN12,FN8,FN3,FN22,FN4,FN23
FN14,FN13,FN1,FN19,FN16,FN7,FN9,FN21,FN12,FB6
FN14,FB7,FN5,FN19,FN16,FN15,FN6,FN10,FB1,FN7,FN13,FN9,FN1,FN21,FN17,FN2,FB3,FN20,FB2,FB4,FN8,FN3,FN22,FN4,FN23
FN14,FN10,FN4,FB7,FN5,FN19,FN16,FN15,FN7,FB1,FN1,FN17,FN21,FN2,FN11,FN20,FB3,FB4,FB2,FN12,FB6,FN8,FN3,FN22,FN23
FN14,FN12,FN17,FB7,FN5,FN19,FN10,FB1,FN7,FN9,FN1,FN21,FN20,FB2,FB4,FB6,FN3
FN14,FN17,FN23,FB7,FN5,FN19,FN15,FN6,FN16,FN10,FB1,FN13,FN1,FN9,FN21,FN11,FB3,FN20,FB2,FB4,FN8,FN22,FN4
FN14,FB6,FN13,FN6,FN16,FN1,FB2,FN12,FB4,FN23,FN4
FN14,FB2,FN7,FB7,FN5,FN16,FN1,FB3,FN3
FN14,FB1,FN4,FB7,FN5,FN19,FN16,FN15,FN6,FN7,FN1,FN13,FN9,FN21,FN17,FB3,FN20,FB4,FB2,FN12,FN8,FN3,FN22,FN23
FN14,FN8,FN13,FB7,FN5,FN15,FN6,FN16,FN10,FB1,FN7,FN1,FN21,FN17,FN11,FN20,FB2,FB6,FN22,FN23
FN14,FN1,FB2,FN5,FN16,FN15,FN6,FN10,FB1,FN7,FN13,FN2,FB3,FN12,FB4,FN8,FN22
FN14,FN22,FN5,FB7,FN19,FN15,FN6,FN16,FN10,FB1,FN7,FN9,FN13,FN1,FN21,FN17,FN2,FN11,FB3,FN20,FB4,FB2,FN12,FB6,FN8,FN3,FN4,FN23
FN14,FN16,FN10,FN19,FN1,FB4,FB2,FN3
FN14,FN19,FN8,FB7,FN15,FN6,FN10,FN7,FN13,FN1,FN21,FN17,FN2,FB3,FB2,FN12,FN22
FN14,FN16,FB6,FN5,FB7,FN19,FN15,FN10,FN7,FN13,FN1,FN9,FN17,FN21,FN2,FN11,FN20,FB3,FB4,FB2,FN8,FN3,FN22,FN23,FN4
FN14,FN15,FN7,FB7,FN5,FN16,FN6,FN10,FB1,FN9,FN1,FN13,FN21,FN2,FN17,FN11,FB3,FN20,FB4,FB2,FN12,FN8,FB6,FN3,FN22,FN23,FN4
FN14,FN12,FN16,FN5,FN19,FN15,FN6,FN10,FB1,FN7,FN1,FN9,FN17,FN21,FN11,FN20,FB3,FB2,FB4,FN8,FN3,FN23
FN14,FN1,FN8,FB7,FN5,FN19,FN10,FB1,FN7,FN13,FN9,FN21,FN2,FB3,FN20,FB2,FB4,FN12,FB6,FN23
FN14,FN19,FN16,FN5,FB7,FN6,FN15,FN10,FB1,FN13,FN1,FN9,FN17,FN2,FN21,FN11,FB3,FN20,FN12,FB2,FB4,FN8,FB6,FN3,FN22,FN4,FN23
FN14,FN4,FN11,FN5,FB7,FN16,FN15,FN6,FN7,FB1,FN9,FN1,FN13,FN21,FN2,FB3,FN20,FB4,FN12,FN8,FN3,FN22,FN23
FN14,FN20,FN10,FN5,FB7,FN19,FN16,FN15,FN6,FN7,FB1,FN13,FN9,FN1,FN17,FN21,FN2,FN11,FB3,FN12,FB2,FB4,FN8,FB6,FN3,FN22,FN23,FN4
FN14,FN17,FN1,FN7,FN13,FN9,FN21,FN3,FN23
FN14,FN17,FB3,FN5,FB7,FN19,FN6,FN16,FN15,FN10,FB1,FN1,FN13,FN9,FN2,FN21,FN11,FN20,FB2,FB4,FN8,FB6,FN22,FN4,FN23
FN14,FN9,FB7,FN19,FN6,FN16,FN15,FN10,FN7,FB1,FN13,FN1,FN2,FN17,FN21,FN11,FB3,FN20,FB2,FN12,FB4,FN8,FB6,FN3,FN22,FN23
FN14,FN15,FN6,FB7,FN10,FN9,FN1,FN2,FN11,FN20,FB3,FN12,FB4,FN22,FN4
FN14,FN15,FB1,FB7,FN19,FN16,FN10,FN7,FN9,FN1,FN13,FN21,FN11,FB4,FN8,FN22,FN23,FN4
FN14,FN12,FB2,FB7,FN5,FN19,FN16,FN15,FN10,FB1,FN7,FN1,FN13,FN9,FN2,FN17,FN21,FN11,FN20,FB3,FB4,FB6,FN8,FN3,FN22,FN23,FN4
FN14,FN13,FN10,FN5,FB7,FN19,FN16,FN6,FN15,FN7,FN1,FN9,FN17,FN21,FN2,FN11,FB3,FN20,FN12,FB4,FB2,FB6,FN8,FN3,FN22,FN23,FN4
FN14,FN6,FN22,FN5,FN19,FN16,FN15,FN7,FB1,FN1,FN13,FN2,FN21,FB3,FB2,FN12,FB4,FB6,FN8,FN23
FN14,FN15,FN21,FB7,FN5,FN19,FN6,FN7,FB1,FN13,FN1,FN9,FN17,FN2,FN11,FB3,FN20,FB2,FN12,FB6,FN3,FN22,FN23
FN14,FN12,FN23,FN5,FN10,FN1,FN9,FN13,FN21,FN17,FB3,FB4,FB6,FN3,FN22,FN4
FN14,FN22,FN20,FN10,FB1,FN1,FN9,FN13,FN17,FB3,FN8
FN14,FN13,FN12,FB7,FN5,FN19,FN16,FN6,FN15,FN10,FB1,FN7,FN9,FN1,FN17,FN21,FN2,FN11,FB3,FN20,FB2,FB4,FB6,FN8,FN3,FN22,FN23,FN4
FN14,FN12,FN23,FN19,FN16,FB1,FN7,FN9,FN1,FN11,FB3,FN20,FB4,FB2,FN4
FN14,FB6,FN4,FB7,FN5,FN19,FN15,FN16,FN6,FN10,FB1,FN7,FN1,FN9,FN13,FB3,FN20,FB2,FN12,FB4,FN3,FN22,FN23
FN14,FN16,FN17,FN19,FN10,FB1,FN7,FN13,FN9,FN1,FN12,FB4,FB6
FN14,FN4,FN15,FN5,FB7,FN19,FN6,FN16,FN10,FB1,FN7,FN1,FN13,FN9,FN21,FN2,FN11,FB3,FB4,FB2,FN12,FB6,FN8,FN3,FN22,FN23
FN14,FN19,FN10,FB7,FN16,FN6,FN1,FN9,FN21,FN12,FN8
FN14,FN19,FN5,FB7,FN6,FN16,FN7,FB1,FN9,FN1,FN2,FN21,FN11,FB3,FN20,FB4,FN12,FB6,FN3,FN22,FN23
FN14,FN9,FN8,FN5,FB7,FN19,FN16,FN6,FN15,FN10,FB1,FN7,FN13,FN1,FN2,FN17,FN21,FN11,FB3,FN20,FB4,FB2,FN12,FB6,FN3,FN22,FN4,FN23
FN14,FB7,FN19,FN5,FN16,FN10,FB1,FN1,FN13,FN9,FN17,FN21,FN20,FB3,FN12,FB2,FB6,FN8,FN3,FN4
FN14,FN1,FN3,FN5,FN19,FN16,FN10,FN7,FN13,FN2,FB3,FN20,FB2,FN12,FN23
FN14,FN8,FN15,FB7,FN5,FN19,FN16,FN6,FN10,FB1,FN7,FN9,FN13,FN1,FN2,FN21,FN17,FN11,FB3,FN20,FN12,FB4,FB2,FB6,FN3,FN22,FN23,FN4
FN14,FN15,FN16,FN10,FN1,FN20,FN12,FB4
FN14,FN15,FN23,FN5,FB7,FB1,FN7,FN1,FN9,FN17,FN2,FN21,FN11,FN20,FB3,FN12,FB4,FB2,FB6,FN8,FN22,FN4
FN14,FN13,FB2,FN19,FN6,FN16,FN15,FN7,FN9,FN1,FN21,FN2,FN11,FB3,FN20,FN12,FB6,FN8,FN3,FN22,FN4
FN14,FN9,FN4,FN15,FN6,FN10,FN7,FN13,FN1,FN2,FN21,FB3,FB4,FB2,FN12,FB6,FN8,FN3,FN22,FN23
FN14,FN3,FB2,FB7,FN5,FN19,FN15,FN7,FB1,FN9,FN13,FN1,FN21,FN17,FN2,FB3,FN12,FB4,FB6,FN22,FN4,FN23
FN14,FB7,FN1,FN16,FN7,FB1,FN9,FN17,FN2,FN21,FB3,FB4,FB6,FN4,FN23
FN14,FN7,FN10,FN5,FB7,FN19,FN6,FN16,FB1,FN13,FN1,FN9,FN2,FN17,FN21,FB3,FN20,FN12,FB2,FB4,FN8,FB6,FN22,FN4,FN23
FN14,FN17,FB7,FN5,FN19,FN6,FN7,FB1,FN1,FN21,FN11,FN20,FB3,FB4,FB6,FN22,FN23
FN14,FN3,FB2,FN5,FB7,FN1,FN21,FB3
FN14,FN3,FN21,FB7,FN5,FN19,FN16,FN15,FN6,FN10,FB1,FN7,FN13,FN1,FN9,FN17,FB2,FB6,FN22,FN4
FN14,FN11,FN9,FN5,FB7,FN19,FN15,FN16,FN7,FB1,FN13,FN1,FN21,FN17,FN20,FB4,FN12,FB2,FB6,FN8,FN3,FN22,FN23
FN14,FN6,FN2,FB7,FN5,FN19,FN16,FN15,FN10,FN7,FB1,FN1,FN9,FN13,FN21,FN17,FN11,FN20,FB3,FB2,FN12,FB4,FN8,FB6,FN3,FN22,FN23,FN4
FN14,FN4,FN15,FN6,FN1,FN9,FN2,FN11,FB3
FN14,FN12,FN17,FN5,FB7,FN19,FN15,FN16,FN6,FN10,FN7,FB1,FN9,FN1,FN13,FN2,FN21,FN11,FB3,FN20,FB4,FB2,FN8,FB6,FN3,FN22,FN23,FN4
FN14,FB3,FN15,FB7,FN5,FN19,FN16,FN10,FN7,FB1,FN9,FN13,FN1,FN21,FN2,FN11,FN20,FB6,FN22,FN4,FN23
FN14,FN9,FB6,FB7,FN5,FN19,FN15,FN6,FB1,FN7,FN1,FN21,FB3,FN22,FN23
FN14,FB3,FB7,FN5,FN6,FN15,FN10,FN7,FB1,FN1,FN13,FN9,FN17,FN11,FN20,FB6,FN3,FN22,FN23,FN4
FN14,FN2,FN5,FB7,FN19,FN15,FN6,FN7,FB1,FN13,FN9,FN1,FN21,FN11,FB3,FN20,FB2,FB4,FN12,FB6,FN8,FN3
FN14,FN21,FN5,FN19,FN15,FB1,FN1,FN9,FN13,FN2,FN17,FN11,FN12,FB2,FN22,FN4
FN14,FN9,FN20,FB7,FN19,FN15,FN10,FN7,FB1,FN13,FN1,FB3,FB4,FN8,FN22
FN14,FN6,FB7,FN19,FN15,FN10,FN9,FN13,FN1,FN17,FN2,FN11,FN20,FB3,FN12,FB2,FN8,FN3,FN22,FN4
FN14,FN3,FN13,FB7,FN5,FN19,FN16,FN15,FN6,FN10,FB1,FN7,FN1,FN9,FN21,FN17,FN2,FN11,FB3,FN20,FB4,FB2,FN12,FB6,FN8,FN23,FN4
FN14,FN22,FN1,FN15,FN6,FN16,FN7,FN21,FN2,FN11,FN20,FB3,FB2,FB4,FB6,FN8,FN3,FN23
FN14,FN1,FN22,FB7,FN5,FN19,FN16,FN15,FN6,FN10,FN7,FB1,FN9,FN21,FB3,FB4,FB2,FN12,FN8,FN3,FN4
FN14,FN1,FB2,FN15,FN16,FN6,FN10,FB1,FN20,FB4,FN12,FN4
FN14,FB4,FN12,FN5,FB7,FN19,FN16,FN15,FN10,FN7,FB1,FN9,FN13,FN1,FN2,FN17,FN21,FN11,FB3,FN20,FB2,FN8,FB6,FN3,FN22,FN4,FN23
FN14,FN23,FB4,FB7,FN5,FN19,FN16,FN6,FN15,FN7,FB1,FN9,FN1,FN13,FN21,FN17,FN2,FN11,FN20,FB3,FB6,FN3,FN22,FN4
FN14,FB1,FN16,FN5,FB7,FN19,FN6,FN9,FN1,FN2,FN17,FN11,FB3,FB4,FN12,FB2,FN22,FN23
FN14,FN20,FB7,FN5,FN19,FN16,FN6,FN15,FN10,FB1,FN7,FN9,FN13,FN1,FN2,FN21,FN17,FN11,FB3,FB4,FN12,FB2,FB6,FN8,FN3,FN22,FN23,FN4
FN14,FB6,FN6,FN7,FN9,FN1,FN2,FN17,FN11
FN14,FN17,FN3,FN5,FB7,FN19,FN16,FN15,FN10,FN7,FN1,FN9,FN13,FN2,FN11,FB3,FN20,FB2,FB4,FN8,FB6,FN22,FN4,FN23
FN14,FN5,FN19,FB7,FN15,FN16,FN6,FN10,FN13,FN1,FN9,FN2,FN11,FN20,FN12,FB4,FN3
FN14,FN2,FN17,FN5,FN19,FN16,FN6,FN15,FN10,FN7,FB1,FN13,FN1,FN9,FN21,FN11,FN20,FB3,FB4,FN12,FB2,FB6,FN8,FN3,FN22,FN23
FN14,FN3,FN5,FB7,FN19,FN15,FN16,FN6,FN10,FN7,FB1,FN9,FN1,FN13,FN2,FN17,FN21,FN11,FB3,FN20,FB4,FB2,FN12,FN8,FB6,FN22,FN23,FN4
FN14,FN1,FN16,FN15,FN6,FN9,FN2,FN17,FN11,FB3,FN4
FN14,FN5,FN10,FB7,FN19,FN15,FN6,FN16,FN1,FB3,FN20,FN12,FB2,FB6,FN8,FN22
FN14,FN20,FN1,FB7,FN5,FN19,FN6,FN15,FN10,FB1,FN7,FN9,FN13,FN2,FN21,FN17,FN11,FB3,FN12,FB2,FB4,FN8,FB6,FN3,FN22,FN4,FN23
FN14,FN1,FN6,FN5,FN19,FN15,FN16,FB1,FN7,FN9,FN13,FN17,FB3,FN23
FN14,FN8,FN19,FN15,FN16,FB1,FN7,FN1,FN13,FN21,FN2,FN17,FN11,FB3,FB4,FB2,FB6,FN3,FN4
FN14,FN1,FN8,FN10,FB1,FN9,FN17,FB3,FN12
FN14,FN16,FN17,FB7,FN5,FN19,FN6,FN15,FN10,FN1,FN9,FN2,FN21,FN11,FB3,FN20,FN12,FB2,FN8,FB6,FN3,FN22,FN4
FN14,FN12,FN8,FB7,FN5,FN16,FN15,FN6,FN10,FB1,FN7,FN1,FN17,FN21,FN2,FN11,FB3,FN20,FB6,FN3,FN22,FN4,FN23
